373.383,197.926,760,428
132659854755128793,590.4,590.595,0.999535,0.00920177,-0.0291438,0.0408195,1.22393e-05,0.953478,0.301467,0.0821075,0.0305613,-0.301327,0.953033,-0.209358,0,0,0,1
132659854756128384,590.4,590.595,0.999721,0.00665613,-0.0227859,0.0395318,0.000397141,0.955062,0.296411,0.0829878,0.0237343,-0.296336,0.954791,-0.208451,0,0,0,1
132659854756461580,590.4,590.595,0.999795,0.00451287,-0.0198692,0.0389705,0.00156454,0.955282,0.295698,0.0833025,0.0203146,-0.295667,0.955077,-0.208131,0,0,0,1
132659854757461171,590.4,590.595,0.999893,0.00149968,-0.0147529,0.0379642,0.00293299,0.955222,0.295881,0.0838964,0.0145354,-0.295892,0.955113,-0.207353,0,0,0,1
132659854757794368,590.4,590.595,0.999894,-5.14761e-05,-0.014732,0.0378408,0.00440544,0.955283,0.295666,0.0839572,0.0140575,-0.295699,0.95518,-0.207113,0,0,0,1
132659854758460762,590.4,590.595,0.999851,-0.000532515,-0.0173901,0.0377017,0.00565115,0.955279,0.295657,0.083945,0.0164543,-0.29571,0.955138,-0.206591,0,0,0,1
132659854759793549,590.4,590.595,0.999676,-0.000899367,-0.0255368,0.0357103,0.00847062,0.954538,0.297973,0.083672,0.0241072,-0.298092,0.954235,-0.205155,0,0,0,1
132659854760459942,590.4,590.595,0.999564,-0.00356325,-0.0293899,0.033605,0.0121917,0.95419,0.298957,0.0834844,0.0269776,-0.299185,0.953816,-0.204028,0,0,0,1
132659854760793139,590.4,590.595,0.999496,-0.00403211,-0.0315773,0.0323435,0.0132808,0.954316,0.298508,0.0834534,0.0289303,-0.298776,0.953887,-0.203377,0,0,0,1
132659854761126336,590.4,590.595,0.999436,-0.00609105,-0.0330816,0.0309982,0.0156821,0.954426,0.298041,0.0832534,0.0297579,-0.298391,0.953982,-0.202637,0,0,0,1
132659854761459533,590.4,590.595,0.999382,-0.0088617,-0.0340938,0.0296905,0.0186494,0.954182,0.29865,0.082896,0.0298845,-0.2991,0.953756,-0.201742,0,0,0,1
132659854761792730,590.4,590.595,0.999342,-0.011081,-0.0346157,0.0284851,0.0209642,0.953734,0.299924,0.0825741,0.02969,-0.300452,0.953337,-0.200751,0,0,0,1
132659854762125927,590.4,590.595,0.99931,-0.0139085,-0.0344953,0.0274388,0.023665,0.953267,0.301204,0.0824039,0.0286936,-0.301811,0.952938,-0.1997,0,0,0,1
132659854762792321,590.4,590.595,0.999244,-0.0165706,-0.0352283,0.026121,0.0264582,0.952854,0.302278,0.0825479,0.0285579,-0.30298,0.952571,-0.19752,0,0,0,1
132659854763125517,590.4,590.595,0.999188,-0.0162768,-0.0369035,0.0258269,0.0266248,0.953459,0.300349,0.0830495,0.0302968,-0.301087,0.953117,-0.196726,0,0,0,1
132659854763458714,590.4,590.595,0.999105,-0.0166889,-0.0389372,0.0256007,0.0275167,0.954497,0.296953,0.0837338,0.0322089,-0.297758,0.9541,-0.196242,0,0,0,1
132659854764458305,590.4,590.595,0.999084,-0.0221028,-0.0367137,0.0246183,0.0316305,0.958368,0.283784,0.0859113,0.0289123,-0.284684,0.958188,-0.197252,0,0,0,1
132659854764791502,590.4,590.595,0.999207,-0.0239261,-0.031904,0.0243191,0.0319188,0.959426,0.280154,0.0864334,0.0239061,-0.280949,0.959428,-0.198403,0,0,0,1
132659854765791092,590.4,590.595,0.999714,-0.0200862,-0.0132467,0.0244913,0.0229245,0.962351,0.270847,0.0870297,0.00730726,-0.271071,0.962534,-0.204021,0,0,0,1
132659854766124289,590.4,590.595,0.99982,-0.0178849,-0.00683367,0.0246123,0.0190647,0.962875,0.269279,0.0867019,0.00176354,-0.269359,0.963041,-0.206403,0,0,0,1
132659854766457486,590.4,590.595,0.999864,-0.0166512,-0.000530332,0.0246828,0.0161836,0.963242,0.268156,0.0862143,-0.00395465,-0.268126,0.963379,-0.20893,0,0,0,1
132659854767457076,590.4,590.595,0.999743,-0.0146389,0.0174749,0.0241252,0.00940822,0.963197,0.26864,0.0843027,-0.0207647,-0.268404,0.963085,-0.216968,0,0,0,1
132659854767790273,590.4,590.595,0.999611,-0.0158575,0.0230614,0.0236703,0.00902577,0.962624,0.270697,0.0834448,-0.0264924,-0.270382,0.962391,-0.21943,0,0,0,1
132659854768123470,590.4,590.595,0.999475,-0.0173027,0.0275029,0.0232211,0.00913527,0.961919,0.273187,0.0825627,-0.0311827,-0.272791,0.961571,-0.221694,0,0,0,1
132659854768456667,590.4,590.595,0.999344,-0.0193675,0.0307102,0.022849,0.0101525,0.961166,0.275792,0.0817287,-0.0348593,-0.275297,0.96073,-0.223684,0,0,0,1
132659854769123061,590.4,590.595,0.999181,-0.0241536,0.0325571,0.0223403,0.0140945,0.96,0.279653,0.0803602,-0.0380098,-0.278963,0.959552,-0.226831,0,0,0,1
132659854769456257,590.4,590.595,0.999175,-0.0265087,0.0308731,0.0222849,0.0167416,0.959307,0.281876,0.0797069,-0.0370891,-0.281124,0.958957,-0.227868,0,0,0,1
132659854770122651,590.4,590.595,0.999285,-0.0302677,0.0227756,0.0225556,0.0224864,0.957861,0.286358,0.0786326,-0.0304835,-0.285639,0.957855,-0.228809,0,0,0,1
132659854770455848,590.4,590.595,0.999321,-0.0317441,0.018843,0.0226965,0.024971,0.95722,0.288287,0.0783117,-0.0271885,-0.287619,0.957362,-0.22879,0,0,0,1
132659854771122241,590.4,590.595,0.999334,-0.033289,0.0151301,0.022609,0.0274991,0.95691,0.289085,0.0783579,-0.0241017,-0.288475,0.957187,-0.227997,0,0,0,1
132659854771455438,590.4,590.595,0.99932,-0.033533,0.0154887,0.022367,0.0276629,0.957302,0.287768,0.0787337,-0.0244774,-0.287143,0.957578,-0.227389,0,0,0,1
132659854771788635,590.4,590.595,0.999299,-0.0334415,0.0169957,0.0219894,0.027201,0.957964,0.285603,0.0792904,-0.0258324,-0.284938,0.958201,-0.226717,0,0,0,1
132659854772121832,590.4,590.595,0.999263,-0.0334606,0.0189761,0.0215504,0.0267228,0.958677,0.283245,0.0798671,-0.0276698,-0.282527,0.958863,-0.226001,0,0,0,1
132659854773121423,590.4,590.595,0.999192,-0.0338908,0.0217611,0.0209236,0.0265574,0.960609,0.276639,0.0813391,-0.0302798,-0.275836,0.960731,-0.223921,0,0,0,1
132659854773454619,590.4,590.595,0.999219,-0.0334043,0.0212497,0.0210463,0.026306,0.961314,0.274202,0.081779,-0.0295874,-0.273427,0.961441,-0.223467,0,0,0,1
132659854774121013,590.4,590.595,0.999276,-0.0318336,0.0209747,0.0214994,0.0249758,0.962347,0.270679,0.0823588,-0.0288019,-0.269958,0.962444,-0.223098,0,0,0,1
132659854774454210,590.4,590.595,0.999307,-0.0304898,0.0215045,0.0216658,0.0235432,0.962427,0.270523,0.0824399,-0.028945,-0.269827,0.962476,-0.223057,0,0,0,1
132659854775120603,590.4,590.595,0.999324,-0.0289086,0.0228234,0.0215781,0.0215755,0.961664,0.273387,0.0824018,-0.0298519,-0.272708,0.961636,-0.222856,0,0,0,1
132659854775786997,590.4,590.595,0.999305,-0.0295762,0.0227976,0.0210065,0.022127,0.960755,0.27652,0.0825486,-0.0300816,-0.275822,0.960741,-0.221801,0,0,0,1
132659854776120194,590.4,590.595,0.999331,-0.0302392,0.0206501,0.0207548,0.0233376,0.960534,0.277187,0.0828142,-0.0282172,-0.276519,0.960597,-0.220807,0,0,0,1
132659854776453391,590.4,590.595,0.999398,-0.0304564,0.0166786,0.0205693,0.0246481,0.960534,0.277072,0.0832286,-0.0244592,-0.276493,0.960707,-0.219507,0,0,0,1
132659854777786178,590.4,590.595,0.999389,-0.0336283,-0.00970075,0.0201542,0.0349991,0.961637,0.272088,0.0855916,0.000178456,-0.27226,0.962227,-0.211459,0,0,0,1
132659854778452572,590.4,590.595,0.999203,-0.0331069,-0.0223997,0.0201994,0.0379209,0.962327,0.269245,0.08692,0.0126415,-0.269879,0.962815,-0.205345,0,0,0,1
132659854779118966,590.4,590.595,0.999174,-0.0290393,-0.0285042,0.0198079,0.035607,0.963029,0.267042,0.0882871,0.0196953,-0.267836,0.963266,-0.197772,0,0,0,1
132659854779452163,590.4,590.595,0.999221,-0.0263065,-0.0294777,0.0194852,0.0332066,0.963453,0.265818,0.0890291,0.0214073,-0.26659,0.963575,-0.193479,0,0,0,1
132659854780118555,590.4,590.595,0.999448,-0.0182833,-0.0278165,0.0184312,0.0249227,0.964959,0.261221,0.0908861,0.0220654,-0.261769,0.964881,-0.18435,0,0,0,1
132659854780784950,590.4,590.595,0.999736,-0.00963663,-0.0209372,0.0165167,0.0146519,0.966946,0.254567,0.093066,0.0177918,-0.254806,0.966831,-0.175164,0,0,0,1
132659854781451343,590.4,590.595,0.999888,-0.0063958,-0.0136716,0.014138,0.00956255,0.96924,0.245938,0.0956509,0.0116778,-0.24604,0.969192,-0.166058,0,0,0,1
132659854781784540,590.4,590.595,0.999909,-0.00699579,-0.011694,0.013018,0.00962131,0.970157,0.242296,0.0968454,0.00964957,-0.242386,0.970135,-0.16148,0,0,0,1
132659854782117737,590.4,590.595,0.999895,-0.00906285,-0.0114356,0.0120265,0.0115375,0.970856,0.239394,0.0978739,0.00893231,-0.2395,0.970858,-0.156841,0,0,0,1
132659854782450934,590.4,590.595,0.999843,-0.0123115,-0.0128751,0.0111981,0.0150135,0.971387,0.237035,0.0986514,0.00958817,-0.23719,0.971419,-0.152118,0,0,0,1
132659854782784131,590.4,590.595,0.999758,-0.0157828,-0.0154539,0.0105241,0.0189854,0.971577,0.235972,0.0991161,0.0112898,-0.236207,0.97164,-0.14723,0,0,0,1
132659854783117328,590.4,590.595,0.999649,-0.0185871,-0.0189975,0.0100953,0.0225494,0.971477,0.236064,0.0992913,0.0140676,-0.236408,0.971555,-0.142088,0,0,0,1
132659854784116918,590.4,590.595,0.999241,-0.0234858,-0.0311591,0.00986779,0.0303091,0.97011,0.240772,0.0986986,0.0245729,-0.241533,0.970085,-0.125498,0,0,0,1
132659854784450115,590.4,590.595,0.999094,-0.0233678,-0.0356473,0.0101556,0.0312747,0.970122,0.240602,0.0985751,0.0289595,-0.241498,0.969973,-0.119624,0,0,0,1
132659854784783312,590.4,590.595,0.998968,-0.0220065,-0.039799,0.010509,0.0309136,0.970444,0.239343,0.098417,0.0333554,-0.240325,0.970123,-0.113519,0,0,0,1
132659854785116509,590.4,590.595,0.998898,-0.0202769,-0.0423866,0.0108459,0.0298139,0.970757,0.238214,0.0982432,0.0363166,-0.239214,0.970291,-0.10712,0,0,0,1
132659854785782902,590.4,590.595,0.99886,-0.0168298,-0.0447218,0.0112942,0.0269314,0.971392,0.235956,0.098047,0.0394713,-0.236891,0.970738,-0.0933191,0,0,0,1
132659854786116099,590.4,590.595,0.998859,-0.0146378,-0.0455193,0.0112984,0.0249925,0.971423,0.236043,0.0977902,0.0407631,-0.23691,0.97068,-0.0859317,0,0,0,1
132659854786449296,590.4,590.595,0.998856,-0.0130746,-0.0460474,0.0111803,0.0236481,0.971169,0.237222,0.0973449,0.0416178,-0.238039,0.970367,-0.078335,0,0,0,1
132659854787448885,590.4,590.595,0.998819,-0.013153,-0.046835,0.0101125,0.0238867,0.971306,0.236636,0.0960002,0.0423783,-0.237474,0.970473,-0.0554968,0,0,0,1
132659854787782083,590.4,590.595,0.998811,-0.0133926,-0.0469227,0.00960408,0.0240056,0.97205,0.233549,0.0959163,0.042483,-0.234397,0.971216,-0.0483317,0,0,0,1
132659854788115280,590.4,590.595,0.998847,-0.0142697,-0.0458945,0.00885527,0.0245605,0.972358,0.232205,0.0957997,0.041312,-0.233063,0.971587,-0.041402,0,0,0,1
132659854789114870,590.4,590.595,0.999038,-0.0211722,-0.0384604,0.0057199,0.029555,0.972134,0.23256,0.0962951,0.0324647,-0.233472,0.971825,-0.0225778,0,0,0,1
132659854789781264,590.4,590.595,0.999049,-0.0223354,-0.0375284,0.00351258,0.0306089,0.97105,0.236914,0.0964856,0.0311501,-0.237837,0.970809,-0.0121323,0,0,0,1
132659854790114461,590.4,590.595,0.999021,-0.0223531,-0.0382499,0.00224772,0.0308458,0.970686,0.238371,0.0964801,0.0318,-0.239316,0.970424,-0.00778715,0,0,0,1
132659854790447657,590.4,590.595,0.999027,-0.0211219,-0.0388004,0.000733852,0.02986,0.970139,0.240713,0.0962832,0.0325571,-0.241636,0.969824,-0.00394502,0,0,0,1
132659854790780854,590.4,590.595,0.999016,-0.0214251,-0.0388825,-0.00120032,0.0303008,0.969181,0.244487,0.095855,0.0324458,-0.245424,0.968876,-0.000500508,0,0,0,1
132659854791447248,590.4,590.595,0.99906,-0.0221618,-0.0373378,-0.00601676,0.0308936,0.967072,0.252629,0.0951898,0.0305091,-0.253544,0.966846,0.00534988,0,0,0,1
132659854792113642,590.4,590.595,0.998804,-0.0306532,-0.0381741,-0.0109996,0.0394134,0.965994,0.255549,0.0955994,0.0290421,-0.256747,0.966046,0.00945611,0,0,0,1
132659854792446839,590.4,590.595,0.998605,-0.0338318,-0.0406117,-0.0131154,0.0431113,0.965863,0.255448,0.0962136,0.0305827,-0.256842,0.965973,0.0110765,0,0,0,1
132659854792780036,590.4,590.595,0.998402,-0.0358932,-0.0437068,-0.0149537,0.0458537,0.966104,0.254055,0.0971088,0.0331061,-0.255652,0.966205,0.0124225,0,0,0,1
132659854793446429,590.4,590.595,0.998003,-0.0408027,-0.0482636,-0.017856,0.051534,0.96746,0.247727,0.0998073,0.0365848,-0.249719,0.96763,0.0140853,0,0,0,1
132659854793779626,590.4,590.595,0.997915,-0.0410059,-0.0499001,-0.0188508,0.0520432,0.968061,0.245258,0.101209,0.0382491,-0.247343,0.968177,0.0145013,0,0,0,1
132659854794112823,590.4,590.595,0.997933,-0.0393029,-0.050883,-0.0196059,0.0505516,0.968652,0.243229,0.102573,0.0397281,-0.245298,0.968637,0.0144624,0,0,0,1
132659854794446019,590.4,590.595,0.997997,-0.0379322,-0.050677,-0.0202008,0.0490575,0.969413,0.240488,0.103971,0.0400046,-0.242491,0.969332,0.0139811,0,0,0,1
132659854794779216,590.4,590.595,0.998114,-0.0368661,-0.0491433,-0.0207327,0.0475618,0.970027,0.238303,0.105027,0.0388847,-0.24019,0.96995,0.0131998,0,0,0,1
132659854795112413,590.4,590.595,0.998254,-0.0362319,-0.0467062,-0.0211613,0.0463139,0.97038,0.237107,0.105639,0.0367317,-0.238855,0.970364,0.01217,0,0,0,1
132659854795445610,590.4,590.595,0.998365,-0.0360372,-0.0444335,-0.0213915,0.045527,0.970787,0.23559,0.106085,0.0346451,-0.237227,0.97084,0.0109354,0,0,0,1
132659854795778807,590.4,590.595,0.998445,-0.0358827,-0.0427355,-0.0214424,0.0449474,0.970999,0.234828,0.106185,0.0330694,-0.236383,0.971101,0.00965236,0,0,0,1
132659854796112004,590.4,590.595,0.998459,-0.0369602,-0.0414415,-0.0213435,0.0456804,0.97103,0.23456,0.10614,0.0315714,-0.236091,0.971222,0.00844366,0,0,0,1
132659854796445200,590.4,590.595,0.998478,-0.0373892,-0.0406179,-0.0210728,0.0459243,0.970853,0.235241,0.106085,0.0306383,-0.236748,0.971092,0.00736044,0,0,0,1
132659854797111594,590.4,590.595,0.9986,-0.03512,-0.039623,-0.0201087,0.0435824,0.970174,0.238468,0.105613,0.0300659,-0.23986,0.970345,0.00562558,0,0,0,1
132659854797444791,590.4,590.595,0.998674,-0.0332254,-0.0394002,-0.0195379,0.0417563,0.969714,0.240653,0.105279,0.0302107,-0.241978,0.969815,0.00511537,0,0,0,1
132659854797777988,590.4,590.595,0.998739,-0.0312349,-0.0393696,-0.0190406,0.0398922,0.969191,0.243063,0.104861,0.0305643,-0.244326,0.969215,0.00494626,0,0,0,1
132659854798111185,590.4,590.595,0.998796,-0.0289642,-0.0396437,-0.0186418,0.0378352,0.968654,0.245523,0.104441,0.0312893,-0.246727,0.968583,0.00507412,0,0,0,1
132659854798444381,590.4,590.595,0.998806,-0.0275069,-0.0404458,-0.01831,0.0366885,0.968177,0.247569,0.104133,0.0323486,-0.248756,0.968029,0.00546919,0,0,0,1
132659854798777578,590.4,590.595,0.998743,-0.0274966,-0.0419575,-0.0180802,0.0370932,0.967882,0.24866,0.104064,0.0337722,-0.249903,0.967685,0.00608943,0,0,0,1
132659854799443972,590.4,590.595,0.998511,-0.0284101,-0.0466142,-0.0177231,0.039074,0.968263,0.246866,0.104822,0.038121,-0.248319,0.967932,0.00794904,0,0,0,1
132659854799777169,590.4,590.595,0.998366,-0.0287712,-0.0494145,-0.0175415,0.0399683,0.969144,0.243239,0.105644,0.0408913,-0.244815,0.968711,0.00905291,0,0,0,1
132659854800110366,590.4,590.595,0.998253,-0.0287452,-0.0516623,-0.0174333,0.040326,0.970071,0.239454,0.106509,0.0432327,-0.241118,0.969536,0.0102498,0,0,0,1
132659854800443563,590.4,590.595,0.998187,-0.0283003,-0.0531747,-0.017465,0.0400916,0.970968,0.235831,0.107392,0.0449565,-0.237534,0.970342,0.0115221,0,0,0,1
132659854801109956,590.4,590.595,0.998118,-0.0273955,-0.0549031,-0.0178787,0.0392106,0.973034,0.227311,0.109314,0.0471952,-0.229035,0.972277,0.0139696,0,0,0,1
132659854801443153,590.4,590.595,0.998086,-0.0275336,-0.0554216,-0.0182635,0.0392913,0.973848,0.223785,0.110132,0.0478101,-0.225533,0.973065,0.0151156,0,0,0,1
132659854801776350,590.4,590.595,0.998042,-0.0283047,-0.055824,-0.0187271,0.0399984,0.974449,0.221027,0.110795,0.048141,-0.222826,0.973672,0.0161882,0,0,0,1
132659854802109547,590.4,590.595,0.997985,-0.0296265,-0.0561563,-0.0192879,0.0412516,0.974905,0.218773,0.111349,0.0482652,-0.220647,0.974162,0.0171267,0,0,0,1
132659854802442743,590.4,590.595,0.997932,-0.0311441,-0.0562798,-0.0198433,0.0426772,0.975225,0.217067,0.111809,0.0481247,-0.219019,0.974536,0.0178885,0,0,0,1
132659854802775940,590.4,590.595,0.997895,-0.032675,-0.0560518,-0.0204324,0.0440607,0.975447,0.215788,0.112151,0.0476243,-0.217802,0.974834,0.0185451,0,0,0,1
132659854803442334,590.4,590.595,0.997889,-0.0354015,-0.0544862,-0.0214799,0.046291,0.975781,0.213801,0.112605,0.0455976,-0.215871,0.97536,0.0194386,0,0,0,1
132659854803775531,590.4,590.595,0.997932,-0.0358596,-0.0533983,-0.0218097,0.0464788,0.975892,0.213257,0.112705,0.0444632,-0.215297,0.97554,0.0197053,0,0,0,1
132659854804108728,590.4,590.595,0.997985,-0.0357501,-0.0524778,-0.0219595,0.0461733,0.975905,0.213264,0.112687,0.0435887,-0.215256,0.975588,0.0198692,0,0,0,1
132659854804441924,590.4,590.595,0.998032,-0.0351257,-0.0519821,-0.0218896,0.045479,0.975822,0.213788,0.112564,0.0432157,-0.21573,0.9755,0.0199193,0,0,0,1
132659854804775121,590.4,590.595,0.998061,-0.0342226,-0.0520488,-0.0216914,0.0446547,0.975642,0.214782,0.112356,0.0434302,-0.216689,0.975278,0.0199039,0,0,0,1
132659854805108318,590.4,590.595,0.998063,-0.0333965,-0.0525441,-0.0214227,0.0440177,0.975364,0.216175,0.112108,0.0440296,-0.218068,0.974944,0.0198629,0,0,0,1
132659854805441515,590.4,590.595,0.998038,-0.0327204,-0.0534309,-0.0210905,0.043609,0.975102,0.217436,0.111878,0.0449857,-0.219338,0.974615,0.0197792,0,0,0,1
132659854805774712,590.4,590.595,0.998002,-0.0322594,-0.054379,-0.0207524,0.0434084,0.974915,0.218311,0.111717,0.045972,-0.220235,0.974367,0.0196767,0,0,0,1
132659854806107909,590.4,590.595,0.997972,-0.0319407,-0.0551006,-0.0204352,0.0432857,0.974783,0.218922,0.111605,0.0467184,-0.220862,0.974189,0.0195664,0,0,0,1
132659854806774302,589.536,589.703,0.997946,-0.0312388,-0.0559703,-0.0198034,0.0428205,0.974676,0.21949,0.111519,0.0476961,-0.221435,0.974011,0.0194888,0,0,0,1
132659854807107499,589.536,589.703,0.997946,-0.0307611,-0.0562417,-0.0194478,0.0423982,0.974768,0.219163,0.111606,0.0480806,-0.221096,0.97407,0.0194937,0,0,0,1
132659854807440696,589.536,589.703,0.997953,-0.0298407,-0.0566009,-0.0190536,0.0415477,0.974944,0.218542,0.11176,0.0486612,-0.220445,0.974188,0.0195451,0,0,0,1
132659854807773893,589.536,589.703,0.997956,-0.0290033,-0.0569953,-0.0186569,0.0407921,0.975085,0.218055,0.111901,0.0492505,-0.219934,0.974274,0.0196769,0,0,0,1
132659854808107089,589.536,589.703,0.997942,-0.0284051,-0.0575214,-0.0182503,0.0403087,0.975171,0.217762,0.112012,0.0499074,-0.219632,0.974309,0.0198896,0,0,0,1
132659854808440286,589.536,589.703,0.997911,-0.0278356,-0.0583363,-0.0178728,0.0399056,0.975299,0.21726,0.112119,0.0508476,-0.219133,0.974373,0.0201411,0,0,0,1
132659854808773483,589.536,589.703,0.997876,-0.0274932,-0.0591027,-0.0175453,0.039702,0.975464,0.216555,0.112227,0.0516985,-0.218441,0.974483,0.0204454,0,0,0,1
132659854809106680,589.536,589.703,0.997846,-0.0270626,-0.0598026,-0.0172364,0.0393959,0.975635,0.215841,0.112338,0.052504,-0.217731,0.974599,0.0207726,0,0,0,1
132659854809439877,589.536,589.703,0.997821,-0.0268048,-0.0603371,-0.0169465,0.0392078,0.975857,0.214871,0.112499,0.0531205,-0.216767,0.974781,0.0211221,0,0,0,1
132659854809773074,589.536,589.703,0.997793,-0.0265277,-0.060913,-0.0167005,0.039004,0.976096,0.213819,0.112695,0.0537845,-0.215722,0.974976,0.0214673,0,0,0,1
132659854810106270,589.536,589.703,0.997738,-0.0261363,-0.0619812,-0.0164163,0.038795,0.976326,0.212802,0.11286,0.0549517,-0.214725,0.975131,0.0218187,0,0,0,1
132659854810439467,589.536,589.703,0.997677,-0.0260312,-0.0629962,-0.0161967,0.0388654,0.976496,0.212007,0.112993,0.0559966,-0.213962,0.975239,0.0221618,0,0,0,1
132659854810772664,589.536,589.703,0.997635,-0.0259877,-0.0636685,-0.0160716,0.0389306,0.97663,0.211378,0.113109,0.056687,-0.213356,0.975332,0.0224718,0,0,0,1
132659854811105861,589.536,589.703,0.997613,-0.0259992,-0.0640045,-0.0160046,0.0389862,0.97673,0.210906,0.113195,0.0570316,-0.212897,0.975412,0.0227457,0,0,0,1
132659854811439057,589.536,589.703,0.997606,-0.0261683,-0.0640563,-0.0160162,0.0391421,0.9768,0.210553,0.113232,0.05706,-0.212555,0.975485,0.0230052,0,0,0,1
132659854812105451,589.536,589.703,0.99761,-0.0265682,-0.0638271,-0.0161393,0.0394672,0.976852,0.210251,0.113291,0.0567634,-0.212266,0.975566,0.0232538,0,0,0,1
132659854812438648,589.536,589.703,0.997608,-0.026855,-0.0637444,-0.0162018,0.0397365,0.976819,0.210355,0.113245,0.0566171,-0.212384,0.975549,0.0232682,0,0,0,1
132659854813105041,589.536,589.703,0.997587,-0.0274955,-0.063785,-0.0163316,0.0404069,0.976662,0.210952,0.113007,0.0564959,-0.213019,0.975417,0.0230708,0,0,0,1
132659854813438238,589.536,589.703,0.997587,-0.0277544,-0.0636808,-0.0163443,0.0406541,0.976592,0.21123,0.112878,0.0563273,-0.213308,0.975363,0.0228854,0,0,0,1
132659854813771435,589.536,589.703,0.997601,-0.0275136,-0.0635606,-0.0163405,0.0404208,0.976496,0.211717,0.112746,0.0562413,-0.213778,0.975266,0.0226703,0,0,0,1
132659854814104632,589.536,589.703,0.997608,-0.0275213,-0.0634516,-0.0163443,0.0404589,0.976291,0.212655,0.112569,0.0560944,-0.214712,0.975069,0.0224416,0,0,0,1
132659854814437829,589.536,589.703,0.997608,-0.0276086,-0.0634067,-0.0163007,0.0406059,0.976014,0.213896,0.112358,0.0559801,-0.215959,0.9748,0.0222661,0,0,0,1
132659854814771026,589.536,589.703,0.997605,-0.0274016,-0.0635498,-0.0162183,0.0405038,0.975753,0.215101,0.112144,0.0561144,-0.217158,0.974526,0.0221035,0,0,0,1
132659854815104223,589.536,589.703,0.997592,-0.0272967,-0.0637907,-0.0161081,0.0404983,0.975584,0.21587,0.111977,0.0563403,-0.217933,0.97434,0.0220213,0,0,0,1
132659854815437419,589.536,589.703,0.997585,-0.0271851,-0.063962,-0.0159659,0.0404508,0.975493,0.216289,0.111857,0.0565141,-0.218353,0.974235,0.0219968,0,0,0,1
132659854815770616,589.536,589.703,0.997578,-0.0270468,-0.0641208,-0.015812,0.0403457,0.975515,0.216208,0.11183,0.0567027,-0.21827,0.974243,0.0219938,0,0,0,1
132659854816103813,589.536,589.703,0.99757,-0.0266465,-0.064412,-0.0156376,0.0399905,0.975633,0.215741,0.111876,0.0570934,-0.217791,0.974327,0.0220166,0,0,0,1
132659854816437010,589.536,589.703,0.997557,-0.0262502,-0.0647741,-0.0154309,0.0396491,0.975771,0.215181,0.111938,0.0575556,-0.217222,0.974427,0.0221174,0,0,0,1
132659854817103403,589.536,589.703,0.997521,-0.0257274,-0.0655309,-0.0151709,0.0392263,0.976068,0.213905,0.112118,0.058459,-0.215945,0.974657,0.0224598,0,0,0,1
132659854817436600,589.536,589.703,0.997489,-0.0257556,-0.0660101,-0.0151108,0.0393077,0.976246,0.213078,0.112246,0.0589539,-0.215136,0.974807,0.0226588,0,0,0,1
132659854818102994,589.536,589.703,0.997429,-0.0258365,-0.0668821,-0.0150602,0.0394705,0.976611,0.211368,0.112479,0.0598563,-0.213464,0.975119,0.0230193,0,0,0,1
132659854818436191,589.536,589.703,0.997413,-0.0259163,-0.0670767,-0.0151119,0.0395587,0.976718,0.210854,0.112529,0.0600501,-0.212962,0.975217,0.0231375,0,0,0,1
132659854818769388,589.536,589.703,0.997409,-0.0260166,-0.0671053,-0.0151667,0.0396435,0.976783,0.210538,0.11254,0.0600694,-0.212652,0.975283,0.0232365,0,0,0,1
132659854819102585,589.536,589.703,0.997414,-0.0260542,-0.0670141,-0.0152506,0.0396627,0.976776,0.210566,0.112477,0.0599715,-0.212679,0.975284,0.0233174,0,0,0,1
132659854819435781,589.536,589.703,0.997427,-0.0260171,-0.066839,-0.0153526,0.0396143,0.976689,0.21098,0.112355,0.0597916,-0.213084,0.975206,0.0233274,0,0,0,1
132659854819768978,589.536,589.703,0.997436,-0.0261853,-0.0666427,-0.0154045,0.0397584,0.976607,0.211332,0.112237,0.0595495,-0.213439,0.975143,0.0233156,0,0,0,1
132659854820102175,589.536,589.703,0.997447,-0.0259682,-0.0665477,-0.0154326,0.0395484,0.976534,0.211707,0.11217,0.0594881,-0.213797,0.975069,0.0232372,0,0,0,1
132659854820435372,589.536,589.703,0.997456,-0.0257037,-0.0665286,-0.0154212,0.0393162,0.976434,0.212212,0.112083,0.0595059,-0.214286,0.97496,0.023142,0,0,0,1
132659854820768568,589.536,589.703,0.997444,-0.0257471,-0.0666936,-0.0154034,0.0394308,0.976299,0.212812,0.111959,0.0596333,-0.214897,0.974818,0.0230868,0,0,0,1
132659854821101765,589.536,589.703,0.997427,-0.0256086,-0.0669928,-0.0152818,0.0393971,0.976168,0.213417,0.111827,0.0599305,-0.215507,0.974665,0.0230193,0,0,0,1
132659854821434962,589.536,589.703,0.997404,-0.0253796,-0.0674188,-0.015213,0.039294,0.97607,0.213882,0.111712,0.0603769,-0.215975,0.974534,0.0229552,0,0,0,1
132659854821768159,589.536,589.703,0.997389,-0.025247,-0.0676855,-0.0150577,0.039243,0.975999,0.214219,0.111618,0.0606524,-0.216315,0.974441,0.0229146,0,0,0,1
132659854822101356,589.536,589.703,0.997379,-0.0252226,-0.0678529,-0.0149716,0.0392627,0.975973,0.214334,0.111576,0.0608161,-0.216435,0.974405,0.0228748,0,0,0,1
132659854822767749,589.536,589.703,0.997395,-0.0247448,-0.0677968,-0.0147353,0.0387606,0.976071,0.213976,0.111625,0.0608794,-0.216046,0.974487,0.0228689,0,0,0,1
132659854823100946,589.536,589.703,0.997414,-0.0246512,-0.0675521,-0.0146184,0.0386032,0.976122,0.213772,0.111641,0.060669,-0.215825,0.974549,0.0229163,0,0,0,1
132659854823434143,589.536,589.703,0.997428,-0.0243969,-0.0674256,-0.014506,0.0383093,0.976196,0.21349,0.111688,0.0606118,-0.215523,0.97462,0.0229807,0,0,0,1
132659854823767340,589.536,589.703,0.99743,-0.0240951,-0.0675079,-0.0143635,0.0380046,0.976302,0.213055,0.111763,0.0607743,-0.215072,0.974709,0.0230176,0,0,0,1
132659854824100537,589.536,589.703,0.997423,-0.0238419,-0.0677053,-0.0141994,0.0377673,0.976423,0.212543,0.111832,0.0610413,-0.214551,0.974807,0.0230668,0,0,0,1
132659854824433734,589.536,589.703,0.997417,-0.0235252,-0.0679106,-0.0140638,0.0374755,0.976525,0.212129,0.111887,0.0613257,-0.214125,0.974883,0.0230927,0,0,0,1
132659854824766930,589.536,589.703,0.997418,-0.0232996,-0.0679606,-0.0139395,0.0372453,0.976603,0.211809,0.111907,0.0614352,-0.213792,0.974949,0.0231392,0,0,0,1
132659854825100127,589.536,589.703,0.997425,-0.0232262,-0.0678864,-0.0138932,0.0371464,0.976644,0.211635,0.111916,0.061385,-0.213611,0.974992,0.0231409,0,0,0,1
132659854825433324,589.536,589.703,0.997441,-0.0231537,-0.0676901,-0.0138719,0.0370395,0.976627,0.211732,0.111868,0.0612051,-0.213696,0.974984,0.023124,0,0,0,1
132659854825766521,589.536,589.703,0.997458,-0.0231246,-0.0674338,-0.0138463,0.0369726,0.976572,0.211998,0.111791,0.0609512,-0.213951,0.974944,0.0231228,0,0,0,1
132659854826099717,589.536,589.703,0.997467,-0.0232183,-0.0672755,-0.0138729,0.0370493,0.976503,0.212302,0.111723,0.0607649,-0.214256,0.974889,0.0231079,0,0,0,1
132659854826432914,589.536,589.703,0.997473,-0.0234678,-0.0671024,-0.0138899,0.0372594,0.976484,0.212351,0.111716,0.0605408,-0.214314,0.97489,0.0230629,0,0,0,1
132659854826766111,589.536,589.703,0.99748,-0.0234739,-0.0669786,-0.0139351,0.0372225,0.976542,0.21209,0.11171,0.0604285,-0.214048,0.974956,0.0230559,0,0,0,1
132659854827099308,589.536,589.703,0.997487,-0.0233347,-0.0669315,-0.0139932,0.0370719,0.976563,0.212021,0.111747,0.0604152,-0.213969,0.974974,0.023,0,0,0,1
132659854827432504,589.536,589.703,0.997487,-0.0236406,-0.0668264,-0.0140693,0.0373553,0.976529,0.212127,0.111737,0.0602428,-0.214089,0.974958,0.0229792,0,0,0,1
132659854827765701,589.536,589.703,0.997482,-0.0239269,-0.0668018,-0.0141961,0.0376398,0.976485,0.212281,0.111708,0.0601514,-0.21426,0.974926,0.022929,0,0,0,1
132659854828098898,589.536,589.703,0.997479,-0.0242567,-0.066722,-0.014365,0.0379515,0.976452,0.212379,0.111639,0.0599988,-0.214375,0.974911,0.0228906,0,0,0,1
132659854828432095,589.536,589.703,0.997496,-0.0247671,-0.0662864,-0.0145225,0.0383746,0.976373,0.212662,0.111549,0.0594528,-0.214672,0.974878,0.0228237,0,0,0,1
132659854828765292,589.536,589.703,0.997531,-0.0253001,-0.0655533,-0.0147561,0.0387606,0.976277,0.213034,0.111457,0.058608,-0.215048,0.974847,0.0227506,0,0,0,1
132659854829431686,589.536,589.703,0.997619,-0.0257455,-0.0640187,-0.0151175,0.0389116,0.976098,0.213827,0.111235,0.056983,-0.215809,0.974775,0.0226025,0,0,0,1
132659854829764882,589.536,589.703,0.997643,-0.0258469,-0.0635958,-0.0151885,0.0389575,0.975951,0.214485,0.111072,0.0565224,-0.216457,0.974658,0.0225563,0,0,0,1
132659854830098079,589.536,589.703,0.997641,-0.0259317,-0.063592,-0.0152369,0.0390673,0.975842,0.214964,0.110959,0.0564812,-0.21694,0.974553,0.0224922,0,0,0,1
132659854830431276,589.536,589.703,0.997625,-0.0259833,-0.0638276,-0.0152744,0.0391839,0.975781,0.215218,0.110888,0.0566893,-0.217207,0.974482,0.0224485,0,0,0,1
132659854830764473,589.536,589.703,0.997618,-0.0260369,-0.0639211,-0.015258,0.0392601,0.975765,0.215277,0.110873,0.0567665,-0.217273,0.974462,0.0224306,0,0,0,1
132659854831430866,589.536,589.703,0.99762,-0.0260545,-0.0638752,-0.0152966,0.0392273,0.975918,0.214589,0.111002,0.0567458,-0.216583,0.974617,0.0224333,0,0,0,1
132659854831764063,589.536,589.703,0.997619,-0.026071,-0.0638864,-0.015302,0.0392209,0.976012,0.21416,0.111077,0.0567702,-0.216155,0.974711,0.0224494,0,0,0,1
132659854832097260,589.536,589.703,0.997611,-0.0261718,-0.063979,-0.015267,0.039324,0.976067,0.213894,0.111108,0.0568494,-0.215898,0.974763,0.0224698,0,0,0,1
132659854832430457,589.536,589.703,0.997599,-0.0261698,-0.0641641,-0.0151927,0.0393607,0.976071,0.213868,0.111128,0.0570315,-0.215879,0.974756,0.0224634,0,0,0,1
132659854832763653,589.536,589.703,0.997591,-0.0260719,-0.0643308,-0.015089,0.0393103,0.976038,0.214025,0.111084,0.057209,-0.216037,0.974711,0.0224766,0,0,0,1
132659854833096850,589.536,589.703,0.997592,-0.0257637,-0.0644336,-0.0149486,0.0390446,0.975999,0.214255,0.111054,0.0573667,-0.216254,0.974654,0.022487,0,0,0,1
132659854833430048,589.536,589.703,0.997588,-0.0254695,-0.0645996,-0.0147245,0.0387931,0.976008,0.21426,0.111073,0.0575923,-0.216249,0.974642,0.0224542,0,0,0,1
132659854833763244,589.536,589.703,0.997584,-0.0247739,-0.0649428,-0.0144823,0.0381857,0.976036,0.214239,0.111083,0.0580786,-0.216201,0.974623,0.0224144,0,0,0,1
132659854834096441,589.536,589.703,0.99758,-0.0240569,-0.0652756,-0.0142167,0.0375673,0.976021,0.214418,0.11105,0.0585519,-0.21635,0.974562,0.0223791,0,0,0,1
132659854834429638,589.536,589.703,0.997574,-0.0239472,-0.0654137,-0.0140795,0.0375128,0.97594,0.214796,0.110987,0.0586957,-0.216728,0.974469,0.0223517,0,0,0,1
132659854835096031,589.536,589.703,0.997595,-0.0239272,-0.0650785,-0.0139113,0.0374906,0.975681,0.215973,0.110771,0.0583279,-0.217892,0.974232,0.0223332,0,0,0,1
132659854835429228,589.536,589.703,0.997609,-0.0242491,-0.0647444,-0.0139067,0.0377573,0.975578,0.216392,0.110688,0.0579156,-0.218318,0.974161,0.0223567,0,0,0,1
132659854835762425,589.536,589.703,0.997623,-0.0245969,-0.0644089,-0.0139034,0.0380374,0.975516,0.216622,0.110674,0.0575033,-0.218556,0.974132,0.0223737,0,0,0,1
132659854836095622,589.536,589.703,0.997632,-0.0248904,-0.0641508,-0.0138974,0.0382604,0.975535,0.216495,0.11069,0.0571923,-0.218436,0.974177,0.0224374,0,0,0,1
132659854836428818,589.536,589.703,0.997636,-0.024916,-0.0640841,-0.0138737,0.0382556,0.975592,0.216237,0.110785,0.0571318,-0.218177,0.974239,0.0224827,0,0,0,1
132659854836762015,589.536,589.703,0.997629,-0.0249558,-0.0641694,-0.0138061,0.0382893,0.975681,0.215829,0.110865,0.0572225,-0.217774,0.974324,0.022599,0,0,0,1
132659854837095212,589.536,589.703,0.997611,-0.0248918,-0.0644716,-0.0137839,0.03827,0.975767,0.215446,0.110968,0.057546,-0.217398,0.974388,0.0227243,0,0,0,1
132659854837428409,589.536,589.703,0.997588,-0.0248217,-0.0648602,-0.0137418,0.0382607,0.975863,0.215014,0.111084,0.0579572,-0.216976,0.974458,0.0228429,0,0,0,1
132659854837761606,589.536,589.703,0.997566,-0.0248063,-0.0652015,-0.0137697,0.0382866,0.975985,0.214455,0.111204,0.0583155,-0.216429,0.974558,0.0229877,0,0,0,1
132659854838094803,589.536,589.703,0.997551,-0.0248304,-0.0654286,-0.0138278,0.0383232,0.976116,0.213853,0.111327,0.0585554,-0.215836,0.974676,0.0231173,0,0,0,1
132659854838427999,589.536,589.703,0.997541,-0.0250217,-0.0654973,-0.0139402,0.0384986,0.976206,0.213406,0.111412,0.0585988,-0.215402,0.974769,0.0232017,0,0,0,1
132659854839094393,589.536,589.703,0.997564,-0.0259271,-0.0648007,-0.0143504,0.0392301,0.976191,0.213342,0.111408,0.0577261,-0.215364,0.97483,0.0232774,0,0,0,1
132659854839427590,589.536,589.703,0.997594,-0.0264959,-0.0641084,-0.014665,0.0396548,0.976108,0.213646,0.111348,0.0569156,-0.215673,0.974809,0.0232925,0,0,0,1
132659854839760787,589.536,589.703,0.997622,-0.0270128,-0.0634455,-0.0149398,0.0400416,0.975999,0.214072,0.111284,0.0561396,-0.216103,0.974759,0.0233006,0,0,0,1
132659854840093984,589.536,589.703,0.997631,-0.0274559,-0.0631057,-0.0151771,0.0404217,0.975905,0.214426,0.1112,0.0556977,-0.216468,0.974703,0.0233027,0,0,0,1
132659854840427180,589.536,589.703,0.997616,-0.0280416,-0.063093,-0.0153514,0.0409975,0.975859,0.214526,0.11117,0.0555539,-0.2166,0.974682,0.0232627,0,0,0,1
132659854840760377,589.536,589.703,0.997585,-0.028461,-0.0634003,-0.0155247,0.0414652,0.975876,0.214362,0.111185,0.0557694,-0.216472,0.974698,0.0232111,0,0,0,1
132659854841093574,589.536,589.703,0.997565,-0.0284661,-0.0637038,-0.0156372,0.041536,0.975872,0.214363,0.111224,0.0560644,-0.216486,0.974678,0.0231643,0,0,0,1
132659854841426771,589.536,589.703,0.997542,-0.0286629,-0.0639853,-0.015756,0.0418022,0.975813,0.214577,0.111228,0.0562871,-0.216724,0.974612,0.0231369,0,0,0,1
132659854841759967,589.536,589.703,0.997515,-0.0288787,-0.0643019,-0.0158619,0.0421094,0.975697,0.215046,0.111168,0.0565287,-0.217218,0.974488,0.0231436,0,0,0,1
132659854842093164,589.536,589.703,0.997495,-0.0290125,-0.064554,-0.0159807,0.0423166,0.975607,0.215413,0.111099,0.0567294,-0.217604,0.97439,0.0231536,0,0,0,1
132659854842426361,589.536,589.703,0.997489,-0.0292579,-0.0645315,-0.0161096,0.042559,0.975569,0.215538,0.11107,0.0566484,-0.217742,0.974365,0.0231999,0,0,0,1
132659854842759558,589.536,589.703,0.997499,-0.0293299,-0.0643504,-0.0162265,0.0425865,0.975581,0.215482,0.111071,0.0564586,-0.217682,0.974389,0.0232523,0,0,0,1
132659854843092755,589.536,589.703,0.997506,-0.0292305,-0.0642823,-0.016289,0.042458,0.975649,0.215197,0.111111,0.0564262,-0.217388,0.974456,0.0233232,0,0,0,1
132659854843425952,589.536,589.703,0.9975,-0.0290743,-0.0644522,-0.0163256,0.042331,0.975697,0.215005,0.111121,0.0566343,-0.217194,0.974488,0.0234296,0,0,0,1
132659854843759149,589.536,589.703,0.99748,-0.0290939,-0.0647483,-0.0163701,0.042414,0.975696,0.214992,0.111111,0.0569196,-0.217196,0.97447,0.0235581,0,0,0,1
132659854844425542,589.536,589.703,0.99744,-0.029359,-0.0652488,-0.0164677,0.04277,0.975727,0.214778,0.11114,0.0573592,-0.217018,0.974485,0.0238611,0,0,0,1
132659854844758739,589.536,589.703,0.997435,-0.0295399,-0.0652459,-0.0165763,0.0429272,0.975792,0.214455,0.111196,0.0573308,-0.216705,0.974556,0.0240346,0,0,0,1
132659854845758329,589.536,589.703,0.997442,-0.0296341,-0.0650934,-0.0167329,0.0428748,0.97621,0.212555,0.111511,0.0572456,-0.214802,0.974982,0.0246583,0,0,0,1
132659854846091526,589.536,589.703,0.997441,-0.0295396,-0.0651411,-0.0166804,0.0427593,0.976337,0.211991,0.11161,0.0573372,-0.214234,0.975102,0.0248702,0,0,0,1
132659854847091116,589.536,589.703,0.997404,-0.0282529,-0.0662791,-0.0162728,0.041701,0.976539,0.211269,0.111626,0.0587547,-0.213484,0.975182,0.0252565,0,0,0,1
132659854847424314,589.536,589.703,0.997399,-0.0279336,-0.0664832,-0.0161183,0.0414422,0.976515,0.211435,0.111565,0.0590153,-0.213639,0.975132,0.0253266,0,0,0,1
132659854847757510,589.536,589.703,0.9974,-0.0277498,-0.0665491,-0.0159876,0.0412702,0.976544,0.211332,0.111542,0.0591234,-0.213528,0.97515,0.0253417,0,0,0,1
132659854848090707,589.536,589.703,0.997413,-0.0272339,-0.0665663,-0.0158704,0.0407749,0.976543,0.211434,0.111523,0.0592463,-0.2136,0.975127,0.025322,0,0,0,1
132659854848423904,589.536,589.703,0.997418,-0.0267909,-0.0666598,-0.0157937,0.0403921,0.976449,0.21194,0.11148,0.0594114,-0.214085,0.97501,0.0253045,0,0,0,1
132659854848757100,589.536,589.703,0.997408,-0.0267517,-0.0668322,-0.015697,0.0404289,0.976312,0.212563,0.111423,0.0595624,-0.214713,0.974863,0.0253055,0,0,0,1
132659854849090297,589.536,589.703,0.997385,-0.0266939,-0.0671995,-0.0156286,0.0404726,0.976236,0.212906,0.111386,0.0599189,-0.215068,0.974762,0.0253664,0,0,0,1
132659854849423494,589.536,589.703,0.997359,-0.026761,-0.0675526,-0.0156095,0.0406055,0.976262,0.212759,0.111406,0.0602551,-0.214939,0.97477,0.0254455,0,0,0,1
132659854849756691,589.536,589.703,0.997353,-0.0269958,-0.0675525,-0.0156445,0.0408105,0.976341,0.212358,0.111457,0.0602212,-0.214552,0.974858,0.0255462,0,0,0,1
132659854850423085,589.536,589.703,0.997396,-0.0275955,-0.0666599,-0.0159179,0.0411425,0.976551,0.211325,0.111643,0.0592648,-0.213517,0.975143,0.0258022,0,0,0,1
132659854851089478,589.536,589.703,0.99744,-0.0283407,-0.0656888,-0.016256,0.041644,0.976602,0.210991,0.111717,0.058172,-0.213186,0.975282,0.0260742,0,0,0,1
132659854851422675,589.536,589.703,0.997444,-0.0285264,-0.0655428,-0.0163539,0.0417958,0.976591,0.211011,0.111708,0.057989,-0.213211,0.975287,0.0262244,0,0,0,1
132659854851755872,589.536,589.703,0.997439,-0.0286542,-0.0655579,-0.0164252,0.0419239,0.976586,0.211009,0.111706,0.0579763,-0.213216,0.975286,0.0263468,0,0,0,1
132659854852089068,589.536,589.703,0.99743,-0.0287177,-0.0656731,-0.0164966,0.0420005,0.97662,0.210836,0.111709,0.0580826,-0.213052,0.975316,0.0264813,0,0,0,1
132659854852422265,589.536,589.703,0.997424,-0.0286351,-0.0658001,-0.0165342,0.0419304,0.976683,0.210561,0.111753,0.0582362,-0.212776,0.975367,0.0265685,0,0,0,1
132659854852755462,589.536,589.703,0.99742,-0.0286509,-0.0658434,-0.0166127,0.0419371,0.976747,0.21026,0.111841,0.058288,-0.212478,0.975428,0.026623,0,0,0,1
132659854853421855,589.536,589.703,0.99745,-0.0287197,-0.0653592,-0.0168069,0.0418513,0.976932,0.209418,0.111934,0.0578368,-0.211619,0.975641,0.0266152,0,0,0,1
132659854854088249,589.536,589.703,0.997488,-0.0290624,-0.0646206,-0.0170382,0.0420405,0.976885,0.209597,0.111883,0.0570351,-0.211786,0.975652,0.0264691,0,0,0,1
132659854854421446,589.536,589.703,0.997494,-0.0292919,-0.0644113,-0.0171314,0.0422373,0.976815,0.209884,0.111808,0.0567698,-0.212078,0.975604,0.0263527,0,0,0,1
132659854854754642,589.536,589.703,0.997498,-0.0297099,-0.0641697,-0.0172127,0.04261,0.976745,0.210136,0.111758,0.056434,-0.212345,0.975566,0.0261973,0,0,0,1
132659854855421036,589.536,589.703,0.997516,-0.0298596,-0.0638119,-0.0173859,0.0427035,0.976654,0.210542,0.111691,0.0560349,-0.212744,0.975502,0.0258027,0,0,0,1
132659854856087430,589.536,589.703,0.997519,-0.0303113,-0.0635603,-0.0175292,0.0431606,0.976374,0.211742,0.11147,0.0556403,-0.21396,0.975259,0.0254824,0,0,0,1
132659854856420627,589.536,589.703,0.997515,-0.0303323,-0.0636019,-0.0175778,0.0432151,0.976277,0.212181,0.111346,0.0556568,-0.214402,0.97516,0.0253908,0,0,0,1
132659854857087020,589.536,589.703,0.99751,-0.0309033,-0.063412,-0.0176935,0.0437508,0.976185,0.212493,0.111248,0.0553347,-0.214738,0.975105,0.0253587,0,0,0,1
132659854857753414,589.536,589.703,0.99755,-0.0311663,-0.0626493,-0.017799,0.0437969,0.976364,0.211654,0.111396,0.0545719,-0.213879,0.975336,0.0255921,0,0,0,1
132659854861418578,589.536,589.703,0.997541,-0.0312176,-0.062776,-0.0172371,0.0434865,0.97785,0.204752,0.112596,0.0549932,-0.206978,0.9768,0.0275386,0,0,0,1
132659854862084972,589.536,589.703,0.997503,-0.0306936,-0.0636129,-0.0170012,0.0430582,0.97819,0.203206,0.112818,0.0559882,-0.205437,0.977069,0.0277935,0,0,0,1
132659854863084562,589.536,589.703,0.997511,-0.0309142,-0.063392,-0.0171003,0.0432122,0.978245,0.202913,0.11287,0.0557397,-0.205147,0.977145,0.0278994,0,0,0,1
132659854863750956,589.536,589.703,0.997547,-0.0314566,-0.0625687,-0.0173664,0.0436563,0.977921,0.204367,0.112545,0.0547583,-0.206598,0.976896,0.0278232,0,0,0,1
132659854864084153,589.536,589.703,0.997566,-0.0318997,-0.0620334,-0.01754,0.0440163,0.977767,0.205029,0.112359,0.0541137,-0.207261,0.976791,0.0277708,0,0,0,1
132659854864417350,589.536,589.703,0.997588,-0.0322332,-0.0615188,-0.0176373,0.0442617,0.977658,0.205493,0.112237,0.0535205,-0.207721,0.976726,0.0276539,0,0,0,1
132659854864750547,589.536,589.703,0.997606,-0.032294,-0.0611887,-0.0176971,0.0442766,0.977564,0.20594,0.112131,0.0531649,-0.208157,0.976653,0.0275261,0,0,0,1
132659854865416940,589.536,589.703,0.997616,-0.0323379,-0.0609978,-0.0176687,0.044332,0.977358,0.206904,0.1119,0.0529256,-0.209115,0.976461,0.0271606,0,0,0,1
132659854865750137,589.536,589.703,0.997614,-0.0321488,-0.0611284,-0.017538,0.044195,0.977282,0.207288,0.111798,0.0530754,-0.209496,0.976371,0.0268845,0,0,0,1
132659854866083334,589.536,589.703,0.997615,-0.031963,-0.06121,-0.0173548,0.0440579,0.977181,0.207794,0.111657,0.0531713,-0.209996,0.976258,0.026552,0,0,0,1
