373.375,197.938,760,428
132665834371390038,593.441,593.693,0.955533,-0.0716925,0.286041,-0.361251,0.0332736,0.990017,0.136985,-0.475775,-0.293004,-0.121375,0.948378,-0.551669,0,0,0,1
132665834373056023,593.441,593.693,0.952674,-0.0696496,0.295913,-0.361273,0.0287816,0.989695,0.140288,-0.476478,-0.302632,-0.125131,0.94486,-0.547539,0,0,0,1
132665834374055614,593.441,593.693,0.953283,-0.0708837,0.293649,-0.360218,0.0291374,0.989126,0.144176,-0.477399,-0.300674,-0.128884,0.944981,-0.545743,0,0,0,1
132665834374388811,593.441,593.693,0.953718,-0.0718769,0.291991,-0.359886,0.0295677,0.988725,0.146812,-0.477983,-0.29925,-0.131383,0.945088,-0.545423,0,0,0,1
132665834374722008,593.441,593.693,0.954036,-0.0729931,0.290672,-0.359637,0.0301013,0.988322,0.14939,-0.478548,-0.29818,-0.133773,0.945091,-0.545166,0,0,0,1
132665834375388401,593.441,593.693,0.954258,-0.0740582,0.289671,-0.359326,0.0305863,0.987937,0.151821,-0.479293,-0.297418,-0.136016,0.945011,-0.544799,0,0,0,1
132665834375721598,593.441,593.693,0.954413,-0.0735665,0.289288,-0.359221,0.0298778,0.987833,0.152638,-0.479516,-0.296995,-0.137035,0.944997,-0.544753,0,0,0,1
132665834376387992,593.441,593.693,0.954775,-0.0734925,0.288108,-0.359225,0.02907,0.987404,0.155539,-0.480006,-0.295908,-0.140128,0.944884,-0.544852,0,0,0,1
132665834377387583,593.441,593.693,0.95556,-0.076408,0.284724,-0.359482,0.0309334,0.986484,0.160919,-0.480826,-0.29317,-0.144959,0.945008,-0.545062,0,0,0,1
132665834379053568,593.441,593.693,0.955755,-0.0758933,0.284207,-0.360686,0.0316315,0.98706,0.157209,-0.480758,-0.29246,-0.141263,0.945787,-0.545958,0,0,0,1
132665834379386764,593.441,593.693,0.955417,-0.075816,0.285364,-0.361845,0.0316804,0.987216,0.15622,-0.480623,-0.293559,-0.140214,0.945603,-0.547221,0,0,0,1
132665834380053158,593.441,593.693,0.956036,-0.0800556,0.282112,-0.365368,0.0357971,0.986682,0.158684,-0.481294,-0.291058,-0.141608,0.946168,-0.551737,0,0,0,1
132665834381052749,593.441,593.693,0.960069,-0.0916374,0.264332,-0.370994,0.0477971,0.984669,0.167762,-0.484829,-0.275652,-0.148428,0.94973,-0.561893,0,0,0,1
132665834381385946,593.441,593.693,0.962656,-0.0946436,0.253648,-0.371678,0.0505127,0.983243,0.175172,-0.486604,-0.265976,-0.155817,0.951304,-0.565319,0,0,0,1
132665834382052340,593.441,593.693,0.968782,-0.0993912,0.227119,-0.371027,0.0539863,0.978711,0.198023,-0.489972,-0.241965,-0.17958,0.953522,-0.570919,0,0,0,1
132665834383051931,593.441,593.693,0.976256,-0.103614,0.190235,-0.367693,0.056191,0.969256,0.239559,-0.490554,-0.209207,-0.223181,0.952063,-0.57605,0,0,0,1
132665834384051521,593.441,593.693,0.980204,-0.106129,0.167147,-0.366483,0.0532904,0.954467,0.293523,-0.469286,-0.190687,-0.278805,0.941227,-0.586194,0,0,0,1
132665834386383900,593.441,593.693,0.974439,-0.132144,0.181678,-0.365883,0.0357781,0.889668,0.455209,-0.349558,-0.221786,-0.437072,0.871654,-0.60913,0,0,0,1
132665834386717096,593.441,593.693,0.973233,-0.140911,0.181557,-0.363318,0.0394493,0.880686,0.472059,-0.327973,-0.226412,-0.45226,0.86267,-0.609168,0,0,0,1
132665834387050294,593.441,593.693,0.972211,-0.148145,0.181275,-0.359477,0.0417055,0.871527,0.488574,-0.305274,-0.230365,-0.467436,0.853486,-0.60871,0,0,0,1
132665834388716278,593.441,593.693,0.986647,-0.120503,0.109574,-0.318135,0.0367423,0.820095,0.57105,-0.175797,-0.158674,-0.559398,0.813572,-0.607806,0,0,0,1
132665834389049475,593.441,593.693,0.990704,-0.109236,0.0810763,-0.305934,0.0412941,0.809354,0.585871,-0.148016,-0.129618,-0.577076,0.806341,-0.608112,0,0,0,1
132665834390049065,592.648,592.913,0.995888,-0.0886576,0.0186377,-0.264295,0.0582766,0.784428,0.617479,-0.0730513,-0.0693643,-0.613853,0.786369,-0.603058,0,0,0,1
132665834392381444,590.227,590.417,0.984283,0.0598973,-0.166136,-0.135019,0.0468041,0.818619,0.572431,-0.00184977,0.170289,-0.571209,0.802948,-0.537223,0,0,0,1
132665834392714641,590.227,590.417,0.977119,0.0873229,-0.193948,-0.115826,0.0367983,0.82869,0.558501,0.00221467,0.209492,-0.552857,0.806515,-0.520665,0,0,0,1
132665834394047429,590.227,590.417,0.91184,0.17679,-0.370533,-0.0366865,0.019014,0.883381,0.468274,0.0204679,0.410108,-0.434035,0.80214,-0.441984,0,0,0,1
132665834396046611,590.227,590.417,0.757759,0.187462,-0.625029,0.0591929,0.041826,0.941925,0.333214,0.0472194,0.651195,-0.278638,0.705911,-0.288498,0,0,0,1
132665834397046201,590.227,590.417,0.677957,0.207283,-0.705274,0.113351,0.0681837,0.937555,0.341094,0.0606495,0.731935,-0.279334,0.621488,-0.235472,0,0,0,1
132665834398045792,589.536,589.703,0.621576,0.265037,-0.737158,0.176523,0.100597,0.90623,0.410648,0.0728368,0.77687,-0.329404,0.536628,-0.199055,0,0,0,1
132665834400378170,589.536,589.703,0.520549,0.466526,-0.715112,0.377373,0.0963951,0.800068,0.592117,0.0443285,0.848375,-0.377158,0.371503,-0.151971,0,0,0,1
132665834402377351,589.536,589.703,0.607413,0.322896,-0.725802,0.559871,0.0508836,0.895973,0.441185,-0.0398912,0.792756,-0.304913,0.527795,-0.154759,0,0,0,1
132665834402710548,589.536,589.703,0.610924,0.290524,-0.736457,0.587851,0.0192085,0.924521,0.380648,-0.0597543,0.791458,-0.246693,0.559231,-0.153167,0,0,0,1
132665834403710139,589.536,589.703,0.607719,0.263387,-0.749203,0.671342,-0.0555637,0.95519,0.290732,-0.14145,0.792208,-0.135055,0.595122,-0.137728,0,0,0,1
132665834404043336,589.536,589.703,0.59799,0.249862,-0.761563,0.699559,-0.0204755,0.95462,0.297125,-0.173007,0.801243,-0.162084,0.575969,-0.130354,0,0,0,1
132665834405376123,589.536,589.703,0.606901,0.113483,-0.786634,0.771975,0.175276,0.946275,0.271742,-0.271607,0.775211,-0.302799,0.554404,-0.112987,0,0,0,1
132665834407042108,589.536,589.703,0.673433,-0.301346,-0.67504,0.787633,0.396565,0.917898,-0.01414,-0.326911,0.62388,-0.258175,0.737646,-0.121812,0,0,0,1
132665834408708093,589.536,589.703,0.662218,-0.580766,-0.473476,0.795648,0.560756,0.803227,-0.200948,-0.391523,0.497013,-0.132433,0.85758,-0.120321,0,0,0,1
132665834410374077,589.536,589.703,0.860179,-0.375486,-0.345113,0.824157,0.405457,0.913972,0.0161738,-0.51409,0.309351,-0.153841,0.938423,-0.130892,0,0,0,1
132665834411040471,589.536,589.703,0.916053,-0.273696,-0.293154,0.840023,0.320592,0.938907,0.125207,-0.57546,0.240976,-0.208679,0.947833,-0.140877,0,0,0,1
132665834411373668,589.536,589.703,0.93828,-0.227104,-0.260876,0.848217,0.28248,0.938392,0.199068,-0.610363,0.199595,-0.260474,0.944626,-0.146998,0,0,0,1
132665834412706456,589.536,589.703,0.994874,-0.0967069,-0.0295675,0.860083,0.100073,0.899405,0.425508,-0.756121,-0.0145559,-0.426286,0.904473,-0.179803,0,0,0,1
132665834413706046,589.536,589.703,0.992498,-0.0649181,0.103614,0.861516,0.00546542,0.870119,0.492812,-0.855856,-0.122148,-0.488548,0.863946,-0.211447,0,0,0,1
132665834414039243,589.536,589.703,0.989708,-0.0678556,0.125995,0.861143,-0.00567443,0.861135,0.508346,-0.885783,-0.142992,-0.503829,0.851888,-0.218699,0,0,0,1
132665834414705637,589.536,589.703,0.990236,-0.0620075,0.124853,0.860493,-0.0148027,0.843792,0.536467,-0.933838,-0.138615,-0.533077,0.834636,-0.226816,0,0,0,1
132665834415372031,589.536,589.703,0.992952,-0.0447719,0.109736,0.858584,-0.0257098,0.822485,0.568207,-0.967676,-0.115695,-0.567024,0.815537,-0.227831,0,0,0,1
132665834415705227,589.536,589.703,0.994087,-0.0441798,0.0991941,0.856355,-0.0209628,0.818231,0.574508,-0.979839,-0.106545,-0.57319,0.812467,-0.227319,0,0,0,1
132665834416038424,589.536,589.703,0.995297,-0.0410674,0.0877434,0.85387,-0.0161144,0.822914,0.567939,-0.988406,-0.0955286,-0.566682,0.818381,-0.225809,0,0,0,1
132665834417038015,589.536,589.703,0.996653,-0.0263634,0.0773841,0.85341,-0.0272991,0.78492,0.618997,-1.00689,-0.0770586,-0.619038,0.781572,-0.211968,0,0,0,1
132665834417704409,589.536,589.703,0.995997,-0.00595421,0.0891933,0.856371,-0.0503987,0.786682,0.615299,-1.00738,-0.0738299,-0.617331,0.783233,-0.202275,0,0,0,1
132665834418037606,589.536,589.703,0.99602,-2.73287e-05,0.0891398,0.858455,-0.0544964,0.791172,0.609163,-1.00655,-0.0705412,-0.611595,0.788021,-0.198205,0,0,0,1
132665834418703999,589.536,589.703,0.996532,0.0227928,0.0800282,0.861693,-0.0650061,0.813628,0.577742,-1.00375,-0.0519442,-0.58094,0.812288,-0.193196,0,0,0,1
132665834419037197,589.536,589.703,0.996449,0.0277066,0.0795129,0.861993,-0.0671892,0.830793,0.552512,-1.00185,-0.0507498,-0.555892,0.829705,-0.192059,0,0,0,1
132665834419703590,589.536,589.703,0.996382,0.0297116,0.0796251,0.862499,-0.0648995,0.870914,0.487133,-0.996892,-0.0548726,-0.490538,0.869691,-0.189164,0,0,0,1
132665834420036787,589.536,589.703,0.996165,0.0311526,0.0817629,0.862884,-0.064361,0.89394,0.443543,-0.993245,-0.0592729,-0.447104,0.892517,-0.187096,0,0,0,1
132665834421702772,589.536,589.703,0.994561,0.0790577,0.0678231,0.866159,-0.0928695,0.967881,0.23363,-0.981624,-0.0471739,-0.238657,0.969958,-0.176409,0,0,0,1
132665834422369165,589.536,589.703,0.996281,0.0551099,0.0662475,0.86582,-0.0679893,0.975043,0.211354,-0.980911,-0.052946,-0.215072,0.975163,-0.175602,0,0,0,1
132665834423035559,589.536,589.703,0.995062,0.0533497,0.0837013,0.863512,-0.0708321,0.972409,0.22227,-0.985289,-0.0695334,-0.227101,0.971387,-0.175852,0,0,0,1
132665834424035150,590.4,590.595,0.990891,0.0829649,0.106085,0.857801,-0.104853,0.969601,0.221095,-0.997978,-0.0845165,-0.230204,0.969467,-0.172588,0,0,0,1
132665834424701544,590.4,590.595,0.988732,0.11598,0.0946586,0.863311,-0.132237,0.973022,0.189059,-0.991739,-0.0701774,-0.199446,0.977395,-0.174355,0,0,0,1
132665834426367528,590.4,590.595,0.98857,0.135866,0.0653685,0.866199,-0.144072,0.979053,0.143878,-0.990401,-0.0444509,-0.151651,0.987436,-0.173496,0,0,0,1
132665834427033922,590.4,590.595,0.987895,0.142648,0.0609719,0.866632,-0.149514,0.980313,0.128976,-0.990189,-0.0413733,-0.13653,0.989774,-0.172913,0,0,0,1
132665834427700316,590.4,590.595,0.988136,0.137901,0.0676222,0.866099,-0.146249,0.979289,0.140025,-0.990595,-0.0469115,-0.148254,0.987838,-0.173288,0,0,0,1
132665834428366710,590.4,590.595,0.989179,0.1206,0.0835732,0.864755,-0.133202,0.976952,0.166809,-0.991667,-0.0615296,-0.176135,0.982443,-0.174518,0,0,0,1
132665834428699907,590.4,590.595,0.990091,0.106075,0.0920355,0.863946,-0.121437,0.97583,0.181688,-0.992128,-0.0705379,-0.191064,0.979042,-0.175021,0,0,0,1
132665834429033104,590.4,590.595,0.99117,0.0903216,0.0970935,0.862989,-0.107757,0.975318,0.192738,-0.99253,-0.0772884,-0.201498,0.976437,-0.175302,0,0,0,1
132665834429366300,590.4,590.595,0.991719,0.0837653,0.0973664,0.862549,-0.101481,0.975696,0.194224,-0.992748,-0.0787306,-0.202496,0.976115,-0.175412,0,0,0,1
132665834430699088,590.4,590.595,0.992231,0.0603296,0.108822,0.860911,-0.078584,0.981933,0.172151,-0.992015,-0.0964697,-0.179365,0.979044,-0.174811,0,0,0,1
132665834431698679,590.4,590.595,0.993206,0.0558871,0.102086,0.860748,-0.0710154,0.985958,0.151154,-0.991336,-0.0922046,-0.157376,0.983227,-0.173773,0,0,0,1
132665834432031875,590.4,590.595,0.993163,0.0652594,0.096809,0.861586,-0.0785396,0.986974,0.140414,-0.991282,-0.0863846,-0.147056,0.985351,-0.173353,0,0,0,1
132665834432365072,590.4,590.595,0.992627,0.0777901,0.0929738,0.862228,-0.0895131,0.987544,0.129412,-0.991347,-0.0817483,-0.13678,0.987225,-0.173149,0,0,0,1
132665834432698269,590.4,590.595,0.991935,0.085826,0.0932907,0.862592,-0.0971054,0.987522,0.123989,-0.991444,-0.0814848,-0.132048,0.987891,-0.173257,0,0,0,1
132665834433031466,590.4,590.595,0.991428,0.0887334,0.0959161,0.86263,-0.10032,0.987246,0.123629,-0.991764,-0.0837227,-0.132191,0.987684,-0.173662,0,0,0,1
132665834434364254,590.4,590.595,0.988868,0.0929665,0.116194,0.861691,-0.109728,0.982979,0.147361,-0.996449,-0.100516,-0.15847,0.982236,-0.17688,0,0,0,1
132665834434697450,590.4,590.595,0.988238,0.0947106,0.12008,0.86177,-0.112513,0.982051,0.151391,-0.997476,-0.103586,-0.16312,0.981155,-0.177617,0,0,0,1
132665834436696632,590.4,590.595,0.987797,0.0868897,0.129271,0.861033,-0.105454,0.983871,0.144497,-0.998031,-0.11463,-0.156365,0.981027,-0.17735,0,0,0,1
132665834437363026,590.4,590.595,0.988712,0.0958918,0.115141,0.861935,-0.10909,0.987428,0.1144,-0.997121,-0.102724,-0.125669,0.986742,-0.175996,0,0,0,1
132665834439029010,590.4,590.595,0.991825,0.073615,0.104249,0.861041,-0.0861629,0.988849,0.121482,-0.997263,-0.0941436,-0.129471,0.987106,-0.176051,0,0,0,1
132665834440028601,590.4,590.595,0.989559,0.0236359,0.142187,0.856903,-0.0494874,0.982213,0.181136,-1.00013,-0.135376,-0.186281,0.973127,-0.178611,0,0,0,1
132665834440694995,590.4,590.595,0.990013,0.0292242,0.137924,0.857139,-0.0538954,0.982428,0.178697,-1.00061,-0.130277,-0.184345,0.974191,-0.179154,0,0,0,1
132665834442027783,590.4,590.595,0.990919,0.0554794,0.122495,0.859458,-0.0745755,0.984736,0.157279,-0.999679,-0.111899,-0.164985,0.97993,-0.178641,0,0,0,1
132665834442694176,590.4,590.595,0.991911,0.0719594,0.104584,0.861164,-0.0857169,0.987317,0.133643,-0.999077,-0.09364,-0.141526,0.985497,-0.177523,0,0,0,1
132665834443027373,590.4,590.595,0.992318,0.0769811,0.0968632,0.86159,-0.0890472,0.987881,0.127139,-0.999027,-0.0859017,-0.134788,0.987146,-0.177402,0,0,0,1
132665834443360570,590.4,590.595,0.992701,0.0787331,0.0913732,0.86186,-0.0895051,0.988671,0.120503,-0.998931,-0.0808502,-0.127801,0.988501,-0.177088,0,0,0,1
132665834444026964,590.4,590.595,0.993059,0.0809406,0.0853571,0.862182,-0.0901855,0.989756,0.11069,-0.998782,-0.0755233,-0.117619,0.990185,-0.176654,0,0,0,1
132665834444693358,590.4,590.595,0.993509,0.0809845,0.0799034,0.862262,-0.0890979,0.990597,0.103832,-0.998833,-0.070743,-0.110277,0.991382,-0.176232,0,0,0,1
132665834446026146,590.4,590.595,0.994957,0.0848155,0.0535747,0.862984,-0.0899508,0.990699,0.102112,-0.999447,-0.0444156,-0.106415,0.993331,-0.176776,0,0,0,1
132665834447025736,590.4,590.595,0.994998,0.0862926,0.0503443,0.862875,-0.0911726,0.990346,0.104424,-0.998794,-0.0408469,-0.108492,0.993259,-0.175229,0,0,0,1
132665834447358933,590.4,590.595,0.995013,0.086194,0.0502234,0.862906,-0.0910698,0.990334,0.104631,-0.999207,-0.0407192,-0.108682,0.993244,-0.176163,0,0,0,1
132665834447692130,590.4,590.595,0.995047,0.0860826,0.0497401,0.862864,-0.0909244,0.990301,0.105076,-0.999414,-0.0402122,-0.109078,0.993221,-0.176764,0,0,0,1
132665834449691311,590.4,590.595,0.995249,0.0838879,0.049457,0.862533,-0.0886917,0.990548,0.104645,-0.999897,-0.040211,-0.108533,0.993281,-0.17769,0,0,0,1
132665834451357296,590.4,590.595,0.995343,0.0818494,0.0509563,0.862309,-0.0866971,0.991041,0.101603,-0.999962,-0.0421835,-0.105547,0.993521,-0.177603,0,0,0,1
132665834452023689,590.4,590.595,0.995053,0.0842782,0.0526286,0.862478,-0.0892595,0.990891,0.100848,-0.999874,-0.0436496,-0.105046,0.993511,-0.177496,0,0,0,1
132665834453023280,590.4,590.595,0.994398,0.0860898,0.0613558,0.86236,-0.0915419,0.991504,0.0924232,-0.999508,-0.0528777,-0.097522,0.99383,-0.177196,0,0,0,1
132665834453356477,590.4,590.595,0.994394,0.0855175,0.0622158,0.862153,-0.0910153,0.991621,0.0916823,-0.99963,-0.0538538,-0.0968307,0.993845,-0.177349,0,0,0,1
132665834454022871,590.4,590.595,0.994311,0.0855029,0.0635356,0.862081,-0.0910112,0.991816,0.0895614,-0.999698,-0.0553575,-0.0948342,0.993954,-0.177432,0,0,0,1
132665834454356068,590.4,590.595,0.994251,0.0860241,0.0637808,0.862148,-0.0915195,0.991825,0.0889386,-0.999666,-0.0556083,-0.0942643,0.993995,-0.177342,0,0,0,1
132665834455022461,590.4,590.595,0.994177,0.086454,0.0643438,0.861976,-0.0919198,0.991917,0.0874891,-0.999587,-0.0562596,-0.092894,0.994087,-0.176998,0,0,0,1
132665834455355658,590.4,590.595,0.994156,0.0866079,0.0644565,0.861974,-0.092078,0.991911,0.087387,-0.999643,-0.0563664,-0.0928111,0.994089,-0.177038,0,0,0,1
132665834456022052,590.4,590.595,0.994104,0.0867416,0.0650812,0.862067,-0.0922475,0.991929,0.0870019,-0.999668,-0.057009,-0.0924924,0.994082,-0.177059,0,0,0,1
132665834456355249,590.4,590.595,0.994111,0.0869128,0.0647508,0.862021,-0.0924498,0.991814,0.0880912,-0.999807,-0.0565641,-0.0935583,0.994008,-0.177348,0,0,0,1
132665834457021643,590.919,591.13,0.99412,0.0868156,0.0647467,0.862086,-0.0923124,0.991889,0.087389,-0.999747,-0.056635,-0.0928516,0.99407,-0.177238,0,0,0,1
132665834458687627,591.438,591.665,0.994165,0.0855855,0.0656896,0.861753,-0.0910748,0.992151,0.0857026,-0.999601,-0.057839,-0.0911848,0.994155,-0.176864,0,0,0,1
132665834459687218,590.4,590.595,0.994168,0.0851262,0.0662374,0.861687,-0.0906151,0.992268,0.0848235,-0.999542,-0.0585043,-0.0903306,0.994194,-0.176598,0,0,0,1
132665834460353611,590.4,590.595,0.994144,0.0852795,0.0663931,0.861681,-0.0908021,0.992222,0.0851637,-0.999632,-0.0586138,-0.0906933,0.994154,-0.176679,0,0,0,1
132665834461020005,590.4,590.595,0.994147,0.0852851,0.0663473,0.861668,-0.0908157,0.992203,0.0853704,-0.999635,-0.0585491,-0.0908959,0.994139,-0.176754,0,0,0,1
132665834461353202,590.4,590.595,0.994145,0.0853383,0.0663112,0.861679,-0.0908753,0.992184,0.0855354,-0.99964,-0.0584934,-0.0910604,0.994128,-0.176756,0,0,0,1
132665834462685989,590.4,590.595,0.994189,0.0847687,0.0663671,0.861504,-0.0903015,0.992251,0.0853602,-0.999721,-0.0586166,-0.0908568,0.994139,-0.176696,0,0,0,1
132665834463352384,590.4,590.595,0.994211,0.0845531,0.0663252,0.861416,-0.0900665,0.992296,0.0850875,-0.999724,-0.0586198,-0.0905682,0.994165,-0.176623,0,0,0,1
132665834464018777,590.4,590.595,0.994199,0.084671,0.0663538,0.861449,-0.090182,0.992292,0.0850059,-0.9998,-0.0586446,-0.0904966,0.994171,-0.176579,0,0,0,1
132665834465351565,590.4,590.595,0.994237,0.084144,0.0664471,0.861325,-0.0896868,0.992304,0.0853843,-0.999892,-0.0587509,-0.0908513,0.994132,-0.17665,0,0,0,1
132665834466351156,590.4,590.595,0.994335,0.0834701,0.0658422,0.861241,-0.0890313,0.992257,0.0866178,-1.00003,-0.0581022,-0.0919887,0.994066,-0.176839,0,0,0,1
132665834468350337,590.4,590.595,0.994169,0.0850664,0.0662935,0.861513,-0.0906773,0.992091,0.086809,-1.00004,-0.0583846,-0.0923139,0.994019,-0.176823,0,0,0,1
132665834469016731,590.4,590.595,0.994013,0.0868586,0.0663155,0.861802,-0.0925652,0.991769,0.0884777,-1.00017,-0.0580846,-0.0940858,0.99387,-0.17715,0,0,0,1
132665834469349927,590.4,590.595,0.993926,0.0866321,0.0678922,0.861547,-0.09253,0.991711,0.0891712,-1.00022,-0.0596043,-0.0949116,0.993702,-0.177187,0,0,0,1
132665834470016321,590.4,590.595,0.993728,0.0872316,0.0699869,0.861512,-0.0933443,0.99161,0.0894327,-1.00021,-0.061598,-0.0954042,0.993533,-0.177086,0,0,0,1
132665834470349518,590.4,590.595,0.993639,0.0878326,0.0704921,0.861556,-0.0940156,0.991514,0.0898029,-1.00018,-0.062006,-0.0958588,0.993464,-0.177011,0,0,0,1
132665834470682715,590.4,590.595,0.993624,0.0878481,0.0706933,0.861495,-0.0940684,0.991483,0.0900903,-1.0002,-0.0621768,-0.0961656,0.993423,-0.176918,0,0,0,1
132665834471015912,590.4,590.595,0.993603,0.0879033,0.0709145,0.861432,-0.094149,0.991469,0.0901574,-1.00014,-0.0623842,-0.0962567,0.993402,-0.176819,0,0,0,1
132665834471349109,590.4,590.595,0.993514,0.0886236,0.0712725,0.861505,-0.0948871,0.991421,0.089915,-1.00007,-0.0626922,-0.0960943,0.993398,-0.176651,0,0,0,1
132665834472015502,590.4,590.595,0.993174,0.0917014,0.0721083,0.861788,-0.0980856,0.991043,0.0906427,-0.999928,-0.0631502,-0.0970967,0.993271,-0.176422,0,0,0,1
132665834472681896,590.4,590.595,0.992971,0.0934957,0.0725919,0.861908,-0.0999178,0.990868,0.0905565,-0.999591,-0.0634622,-0.097173,0.993244,-0.175981,0,0,0,1
132665834473015093,590.4,590.595,0.99285,0.0948052,0.0725577,0.862112,-0.101203,0.990763,0.0902687,-0.999434,-0.0633296,-0.096966,0.993272,-0.175879,0,0,0,1
132665834473348290,590.4,590.595,0.992786,0.0953905,0.0726564,0.862151,-0.101806,0.990688,0.0904153,-0.999391,-0.0633548,-0.0971597,0.993252,-0.175848,0,0,0,1
132665834474014684,590.4,590.595,0.992591,0.0973151,0.0727816,0.862424,-0.103735,0.990493,0.0903579,-0.999301,-0.0632964,-0.0972379,0.993248,-0.175822,0,0,0,1
132665834474347881,590.4,590.595,0.992518,0.0979909,0.0728553,0.862556,-0.104385,0.99047,0.089868,-0.999239,-0.0633545,-0.0968003,0.993287,-0.175746,0,0,0,1
132665834474681077,590.4,590.595,0.992432,0.0987961,0.0729496,0.862728,-0.105177,0.990416,0.089543,-0.999195,-0.0634036,-0.0965376,0.99331,-0.175723,0,0,0,1
132665834475347471,590.4,590.595,0.992294,0.100373,0.0726677,0.862883,-0.106789,0.990149,0.0905781,-0.999338,-0.0628601,-0.09764,0.993236,-0.176014,0,0,0,1
132665834475680668,590.4,590.595,0.992216,0.101292,0.0724542,0.862949,-0.107738,0.989969,0.0914118,-0.999462,-0.0624678,-0.0985059,0.993176,-0.17629,0,0,0,1
132665834476013865,590.4,590.595,0.992125,0.10222,0.0724032,0.863005,-0.108666,0.989857,0.0915301,-0.999476,-0.0623122,-0.0986765,0.993169,-0.176312,0,0,0,1
132665834476347062,590.4,590.595,0.992106,0.102456,0.0723202,0.862979,-0.108857,0.98989,0.0909444,-0.999452,-0.0622709,-0.0980989,0.993229,-0.17623,0,0,0,1
132665834477013456,590.4,590.595,0.992279,0.100627,0.0725304,0.86249,-0.107013,0.990148,0.0903177,-0.999506,-0.0627271,-0.0973816,0.993271,-0.17612,0,0,0,1
132665834477679849,590.4,590.595,0.992891,0.0946709,0.0721686,0.861273,-0.100944,0.990913,0.0889055,-0.999626,-0.0630958,-0.0955582,0.993424,-0.175995,0,0,0,1
132665834478346243,590.4,590.595,0.993079,0.0929086,0.071873,0.861178,-0.0990724,0.991221,0.0875692,-0.999635,-0.0631059,-0.0940834,0.993564,-0.17608,0,0,0,1
132665834478679440,590.4,590.595,0.993186,0.0920022,0.0715524,0.861163,-0.0981094,0.991356,0.087125,-0.99968,-0.0629181,-0.093551,0.993626,-0.176158,0,0,0,1
132665834479345834,590.4,590.595,0.993144,0.0926432,0.0713136,0.86137,-0.0987671,0.991234,0.0877647,-0.999777,-0.0625575,-0.0942062,0.993587,-0.176436,0,0,0,1
132665834479679030,590.4,590.595,0.993105,0.0931244,0.0712273,0.861513,-0.0992486,0.991173,0.0879159,-0.999827,-0.0624112,-0.0943786,0.99358,-0.176551,0,0,0,1
132665834480012227,590.4,590.595,0.993066,0.0932526,0.0716006,0.861596,-0.0994315,0.991127,0.0882258,-0.999879,-0.0627377,-0.0947333,0.993526,-0.176644,0,0,0,1
132665834480345425,590.4,590.595,0.993106,0.0926977,0.0717664,0.861544,-0.0988967,0.991176,0.0882765,-1,-0.0629501,-0.094765,0.993509,-0.176752,0,0,0,1
132665834480678621,590.4,590.595,0.993082,0.0930485,0.071642,0.861521,-0.0992091,0.991181,0.0878664,-0.999964,-0.062834,-0.0943656,0.993555,-0.176801,0,0,0,1
132665834481345015,590.4,590.595,0.993213,0.0927017,0.0702719,0.861519,-0.0987442,0.991211,0.088045,-0.999927,-0.0614921,-0.094386,0.993637,-0.177372,0,0,0,1
132665834481678211,590.4,590.595,0.993268,0.0926456,0.0695531,0.86163,-0.0986177,0.991228,0.0880051,-0.999983,-0.0607893,-0.0942714,0.993691,-0.177331,0,0,0,1
132665834482344605,590.4,590.595,0.993255,0.0927595,0.0695908,0.861692,-0.0986862,0.991291,0.0872079,-0.999891,-0.060895,-0.0934869,0.993758,-0.176741,0,0,0,1
132665834482677802,590.4,590.595,0.993238,0.0928992,0.06965,0.861682,-0.0988134,0.991304,0.0869172,-0.999818,-0.0609695,-0.0932116,0.99378,-0.17648,0,0,0,1
132665834483344196,590.4,590.595,0.993398,0.0929342,0.0672846,0.861762,-0.09879,0.99106,0.0896859,-1.00014,-0.0583479,-0.0957404,0.993697,-0.17707,0,0,0,1
132665834484343787,590.4,590.595,0.993372,0.093225,0.0672605,0.861689,-0.0989321,0.991267,0.087207,-0.9999,-0.0585431,-0.0932831,0.993919,-0.176635,0,0,0,1
132665834485010181,590.4,590.595,0.993428,0.0928795,0.0669161,0.861628,-0.098563,0.991292,0.0873407,-0.999951,-0.0582209,-0.0933616,0.993931,-0.176683,0,0,0,1
132665834485343377,590.4,590.595,0.99345,0.0927284,0.0667918,0.861598,-0.0983768,0.991346,0.086936,-0.999943,-0.0581519,-0.0929368,0.993974,-0.176571,0,0,0,1
132665834486342968,590.4,590.595,0.994223,0.0908849,0.0571277,0.861655,-0.09575,0.991406,0.0891516,-1.00021,-0.048534,-0.0941061,0.99438,-0.176797,0,0,0,1
132665834487009362,590.4,590.595,0.994597,0.0905083,0.0508663,0.861845,-0.0949401,0.99115,0.0927894,-1.00039,-0.0420177,-0.0971169,0.994388,-0.177154,0,0,0,1
132665834488008952,590.4,590.595,0.994975,0.0882234,0.0473693,0.861832,-0.0924559,0.991061,0.096193,-1.00065,-0.0384592,-0.100089,0.994237,-0.17719,0,0,0,1
132665834488342149,590.4,590.595,0.995025,0.0874679,0.0477217,0.861913,-0.091757,0.99108,0.0966586,-1.00067,-0.0388415,-0.100556,0.994175,-0.177381,0,0,0,1
132665834489008543,590.4,590.595,0.995339,0.0810696,0.0522719,0.861652,-0.0858175,0.991666,0.0961022,-1.00047,-0.0440451,-0.10014,0.994,-0.177554,0,0,0,1
132665834490008134,590.4,590.595,0.996493,0.04864,0.0680987,0.859752,-0.0556598,0.992883,0.105301,-1.00082,-0.0624917,-0.108721,0.992108,-0.178246,0,0,0,1
132665834491007724,590.4,590.595,0.996575,0.0397665,0.0725282,0.858838,-0.0474253,0.993114,0.107133,-1.00072,-0.0677681,-0.110206,0.991598,-0.17796,0,0,0,1
132665834492340512,590.4,590.595,0.995315,0.0621598,0.07408,0.859856,-0.0689473,0.993287,0.0928964,-1.00033,-0.0678079,-0.0975684,0.992918,-0.177176,0,0,0,1
132665834494672890,590.4,590.595,0.996332,0.050275,0.0692635,0.859348,-0.0574993,0.992639,0.106599,-1.00112,-0.0633942,-0.110191,0.991889,-0.178054,0,0,0,1
132665834496005677,590.4,590.595,0.99679,0.0479426,0.0641425,0.859287,-0.0544219,0.99315,0.103413,-1.00097,-0.0587448,-0.106571,0.99257,-0.177769,0,0,0,1
132665834496338874,590.4,590.595,0.996798,0.0481988,0.0638247,0.859298,-0.054663,0.993102,0.103748,-1.00091,-0.0583837,-0.106904,0.992556,-0.177758,0,0,0,1
132665834497005268,590.4,590.595,0.99677,0.048685,0.063893,0.859349,-0.0551596,0.993066,0.103829,-1.00079,-0.0583947,-0.107018,0.992543,-0.177704,0,0,0,1
132665834497671662,590.4,590.595,0.996784,0.0486551,0.0636897,0.859276,-0.055088,0.993105,0.103489,-1.00072,-0.058215,-0.106665,0.992591,-0.177562,0,0,0,1
132665834498004859,590.4,590.595,0.99679,0.0486325,0.0636366,0.859222,-0.0550333,0.993155,0.103039,-1.00068,-0.0581898,-0.10621,0.992642,-0.17744,0,0,0,1
132665834498338056,590.4,590.595,0.996808,0.0484132,0.0634976,0.859135,-0.0548008,0.993166,0.103054,-1.00066,-0.0580742,-0.106204,0.992649,-0.177425,0,0,0,1
132665834498671252,590.4,590.595,0.996846,0.0482056,0.0630596,0.859087,-0.0545521,0.993171,0.103137,-1.00067,-0.0576569,-0.106251,0.992668,-0.177396,0,0,0,1
132665834499004449,590.4,590.595,0.99689,0.0478894,0.0626096,0.858986,-0.0541385,0.993285,0.102258,-1.00063,-0.0572917,-0.105329,0.992787,-0.17725,0,0,0,1
132665834499670843,590.4,590.595,0.997022,0.0482597,0.0601806,0.858996,-0.0542585,0.993264,0.102397,-1.0006,-0.0548334,-0.105357,0.992924,-0.177329,0,0,0,1
132665834500337237,590.4,590.595,0.997046,0.0487503,0.0593714,0.859166,-0.0547188,0.99313,0.103447,-1.00055,-0.0539203,-0.10639,0.992863,-0.177606,0,0,0,1
132665834501003631,590.4,590.595,0.996851,0.0510425,0.0607055,0.85983,-0.0571908,0.992904,0.10428,-1.0006,-0.054952,-0.107424,0.992695,-0.177864,0,0,0,1
132665834502003221,590.4,590.595,0.992213,0.109451,0.0594824,0.863778,-0.115206,0.987887,0.10397,-1.00055,-0.0473821,-0.110013,0.992802,-0.178395,0,0,0,1
132665834503336009,590.4,590.595,0.987482,0.149527,0.0502375,0.866138,-0.154042,0.982677,0.103054,-1.00028,-0.0339579,-0.109502,0.993408,-0.178558,0,0,0,1
132665834504002402,590.4,590.595,0.985488,0.163218,0.0466506,0.867161,-0.167193,0.980803,0.100375,-0.999996,-0.029372,-0.106718,0.993857,-0.178018,0,0,0,1
132665834504668796,590.4,590.595,0.981987,0.184236,0.0419582,0.868453,-0.187575,0.977256,0.0989329,-0.999359,-0.0227768,-0.105021,0.994211,-0.177357,0,0,0,1
132665834505001993,590.4,590.595,0.979086,0.200012,0.0372661,0.869327,-0.202753,0.974398,0.0971658,-0.999292,-0.0168776,-0.102689,0.994572,-0.17715,0,0,0,1
132665834505335190,590.4,590.595,0.975836,0.216044,0.0327366,0.87023,-0.218226,0.97121,0.0955558,-0.999564,-0.0111496,-0.10039,0.994888,-0.176972,0,0,0,1
132665834505668387,590.4,590.595,0.973628,0.226371,0.028424,0.870983,-0.22806,0.969148,0.0935109,-0.999797,-0.00637874,-0.0975268,0.995214,-0.176924,0,0,0,1
132665834506334781,590.4,590.595,0.973667,0.226234,0.0281932,0.870758,-0.227889,0.969353,0.0917794,-0.999851,-0.00656557,-0.0957871,0.995382,-0.177063,0,0,0,1
132665834506667977,590.4,590.595,0.974816,0.221183,0.028551,0.870014,-0.222898,0.970478,0.0921478,-0.999949,-0.0073263,-0.096191,0.995338,-0.177299,0,0,0,1
132665834507001174,590.4,590.595,0.976371,0.214228,0.0284609,0.869668,-0.215964,0.972051,0.0920845,-0.999883,-0.007938,-0.0960546,0.995346,-0.177363,0,0,0,1
132665834508333962,590.4,590.595,0.985279,0.167088,0.0361933,0.866786,-0.169741,0.981331,0.0904458,-0.999964,-0.0204049,-0.0952575,0.995245,-0.177402,0,0,0,1
132665834509000356,590.4,590.595,0.985741,0.16395,0.0379174,0.866704,-0.166763,0.981912,0.0896685,-0.999838,-0.0225303,-0.0947129,0.995252,-0.177389,0,0,0,1
132665834509333552,590.4,590.595,0.985519,0.165285,0.0379125,0.867002,-0.168107,0.981621,0.0903487,-0.999757,-0.0222823,-0.0954132,0.995191,-0.177525,0,0,0,1
132665834509999946,590.4,590.595,0.984706,0.169993,0.0382089,0.867801,-0.172825,0.980796,0.0904043,-0.999398,-0.0221067,-0.0956246,0.995174,-0.177412,0,0,0,1
132665834510333143,590.4,590.595,0.984259,0.172483,0.0385792,0.868076,-0.175347,0.980325,0.0906633,-0.999296,-0.0221823,-0.0960005,0.995136,-0.177373,0,0,0,1
132665834510666340,590.4,590.595,0.983676,0.175702,0.0389126,0.868359,-0.178581,0.979756,0.0904947,-0.999232,-0.0222248,-0.0959661,0.995139,-0.17731,0,0,0,1
132665834510999536,590.4,590.595,0.983206,0.178383,0.0385736,0.86852,-0.181208,0.979321,0.089986,-0.99916,-0.0217237,-0.0954644,0.995198,-0.177249,0,0,0,1
132665834511665930,590.4,590.595,0.983438,0.177127,0.0384403,0.868266,-0.179952,0.979525,0.0902839,-0.99927,-0.0216614,-0.0957057,0.995176,-0.177289,0,0,0,1
132665834512332324,590.4,590.595,0.983321,0.177767,0.0384896,0.868434,-0.180572,0.979502,0.089292,-0.99919,-0.0218272,-0.0947525,0.995264,-0.177069,0,0,0,1
132665834512665521,590.4,590.595,0.983274,0.178023,0.0385185,0.868469,-0.180819,0.9795,0.0888076,-0.999144,-0.0219189,-0.0942868,0.995306,-0.176986,0,0,0,1
132665834513331914,590.4,590.595,0.983355,0.177571,0.0385404,0.868368,-0.180354,0.979651,0.0880778,-0.999124,-0.0221159,-0.0935622,0.99537,-0.176839,0,0,0,1
132665834513665111,590.4,590.595,0.983517,0.176699,0.0383989,0.868131,-0.179484,0.979764,0.0886058,-0.999245,-0.0219654,-0.0940368,0.995328,-0.176978,0,0,0,1
132665834513998308,590.4,590.595,0.983975,0.174149,0.038306,0.867507,-0.176965,0.980096,0.0899842,-0.999522,-0.0218728,-0.0953205,0.995208,-0.177262,0,0,0,1
132665834514664702,590.4,590.595,0.984228,0.172747,0.0381621,0.867215,-0.175536,0.980433,0.0891094,-0.999433,-0.022022,-0.0944025,0.995292,-0.176969,0,0,0,1
132665834515664293,590.4,590.595,0.984311,0.172255,0.0382445,0.867188,-0.175058,0.980503,0.0892821,-0.999555,-0.0221195,-0.0945761,0.995274,-0.177107,0,0,0,1
132665834515997489,590.4,590.595,0.984293,0.172283,0.0385951,0.867219,-0.17511,0.98053,0.0888825,-0.999583,-0.0225305,-0.0942445,0.995296,-0.177073,0,0,0,1
132665834516663883,590.4,590.595,0.984301,0.172225,0.038641,0.867177,-0.175053,0.98055,0.0887738,-0.999702,-0.0226005,-0.0941441,0.995304,-0.176929,0,0,0,1
132665834517996671,590.4,590.595,0.984449,0.171384,0.0386071,0.867164,-0.174205,0.980729,0.0884643,-0.999632,-0.0227016,-0.093814,0.995333,-0.176993,0,0,0,1
132665834518329868,590.4,590.595,0.984471,0.171251,0.0386252,0.867149,-0.174069,0.980778,0.0881839,-0.99955,-0.0227808,-0.0935375,0.995357,-0.176966,0,0,0,1
132665834518663064,590.4,590.595,0.984474,0.171236,0.0386133,0.867166,-0.174053,0.980777,0.0882285,-0.999513,-0.0227629,-0.0935793,0.995354,-0.177005,0,0,0,1
132665834518996261,590.4,590.595,0.984489,0.17115,0.0386165,0.867162,-0.173966,0.9808,0.0881408,-0.99947,-0.0227895,-0.0934912,0.995361,-0.177002,0,0,0,1
132665834520329049,590.4,590.595,0.984519,0.170982,0.0386125,0.867165,-0.173794,0.980848,0.0879565,-0.999372,-0.0228337,-0.093305,0.995378,-0.177047,0,0,0,1
132665834520662246,590.4,590.595,0.984525,0.170946,0.0386278,0.867165,-0.173758,0.980859,0.0879024,-0.999357,-0.0228617,-0.0932536,0.995382,-0.177056,0,0,0,1
132665834521328639,590.4,590.595,0.984533,0.170897,0.0386395,0.867178,-0.173708,0.980876,0.0878006,-0.999336,-0.0228954,-0.0931542,0.99539,-0.177062,0,0,0,1
132665834521661836,590.4,590.595,0.98454,0.170863,0.0386127,0.867177,-0.173671,0.980887,0.0877616,-0.999331,-0.0228795,-0.0931103,0.995395,-0.17706,0,0,0,1
132665834522328230,590.4,590.595,0.984568,0.170701,0.0386181,0.867193,-0.173511,0.980911,0.0878087,-0.999349,-0.0228918,-0.0931538,0.995391,-0.177059,0,0,0,1
132665834522661427,590.4,590.595,0.984533,0.170899,0.0386183,0.867205,-0.173702,0.980903,0.0875301,-0.9995,-0.0229212,-0.092884,0.995416,-0.176997,0,0,0,1
132665834523327821,590.4,590.595,0.98454,0.17085,0.038655,0.867263,-0.173653,0.980929,0.0873339,-0.999551,-0.0229964,-0.092696,0.995431,-0.176843,0,0,0,1
132665834523661018,590.4,590.595,0.984542,0.170835,0.0386762,0.867284,-0.173638,0.980937,0.0872778,-0.999586,-0.023028,-0.092644,0.995436,-0.176819,0,0,0,1
132665834524327411,590.4,590.595,0.984554,0.170764,0.038684,0.867305,-0.173565,0.980961,0.0871541,-0.999649,-0.023064,-0.0925218,0.995446,-0.176749,0,0,0,1
132665834524993805,590.4,590.595,0.984677,0.170054,0.0386924,0.867194,-0.17286,0.981077,0.0872552,-0.999717,-0.0231216,-0.0926062,0.995437,-0.176804,0,0,0,1
132665834525327002,590.4,590.595,0.984695,0.169987,0.0385119,0.867244,-0.172755,0.981182,0.0862677,-0.999788,-0.0231222,-0.0916002,0.99553,-0.176775,0,0,0,1
132665834525993396,590.4,590.595,0.985036,0.168263,0.0373457,0.867075,-0.170925,0.981519,0.0860757,-0.999828,-0.0221714,-0.0911707,0.995591,-0.176714,0,0,0,1
132665834526659789,590.4,590.595,0.986194,0.161611,0.0361274,0.866542,-0.164225,0.982505,0.0878573,-0.999944,-0.0212958,-0.0925771,0.99548,-0.176886,0,0,0,1
132665834526992986,590.4,590.595,0.987013,0.156786,0.035019,0.866273,-0.159334,0.983225,0.0888016,-0.999922,-0.020508,-0.0932278,0.995436,-0.17695,0,0,0,1
132665834527992577,590.4,590.595,0.992614,0.116253,0.0347185,0.863959,-0.119073,0.988335,0.0949789,-0.999693,-0.0232712,-0.0984112,0.994877,-0.176837,0,0,0,1
132665834528325774,590.4,590.595,0.994001,0.103674,0.0348778,0.863424,-0.106579,0.989704,0.0955646,-0.999515,-0.0246106,-0.0987082,0.994815,-0.176647,0,0,0,1
132665834528992168,590.4,590.595,0.996374,0.0765626,0.0371535,0.862159,-0.0796687,0.992667,0.0909408,-0.998872,-0.0299177,-0.0935706,0.995166,-0.176057,0,0,0,1
132665834529325364,590.4,590.595,0.997048,0.066367,0.0386436,0.861606,-0.0695966,0.993573,0.0892978,-0.998709,-0.032468,-0.0917234,0.995258,-0.175822,0,0,0,1
132665834529991758,590.4,590.595,0.997712,0.0552695,0.0389831,0.86111,-0.0585599,0.994307,0.0890442,-0.998526,-0.033839,-0.0911232,0.995267,-0.175813,0,0,0,1
132665834530324955,590.4,590.595,0.997986,0.0501075,0.0389542,0.860783,-0.053414,0.994594,0.0890749,-0.998465,-0.0342796,-0.0909761,0.995266,-0.175876,0,0,0,1
132665834530658152,590.4,590.595,0.998269,0.0440425,0.0390168,0.86045,-0.0473614,0.994936,0.0886825,-0.998396,-0.0349128,-0.0903766,0.995298,-0.175892,0,0,0,1
132665834531324546,590.4,590.595,0.998775,0.0285511,0.0404692,0.859501,-0.0319931,0.995686,0.08713,-0.998076,-0.0378062,-0.0883178,0.995377,-0.175557,0,0,0,1
132665834531990939,590.4,590.595,0.998902,0.0203509,0.0422513,0.859033,-0.0239389,0.99599,0.0862344,-0.997932,-0.0403264,-0.0871503,0.995382,-0.175469,0,0,0,1
132665834532324136,590.4,590.595,0.998913,0.0200291,0.0421368,0.859076,-0.0236372,0.995934,0.0869551,-0.997992,-0.0402234,-0.0878558,0.995324,-0.175659,0,0,0,1
132665834533323727,590.4,590.595,0.998885,0.0178868,0.0437431,0.858802,-0.0216181,0.99603,0.0863796,-0.997935,-0.0420238,-0.0872282,0.995305,-0.175734,0,0,0,1
132665834533656924,590.4,590.595,0.998892,0.0159942,0.0443121,0.858612,-0.0197827,0.996064,0.0864266,-0.997919,-0.0427549,-0.0872067,0.995275,-0.175775,0,0,0,1
132665834533990121,590.4,590.595,0.998891,0.0138855,0.0450296,0.858497,-0.0177317,0.996125,0.0861786,-0.997883,-0.0436579,-0.0868807,0.995264,-0.175744,0,0,0,1
132665834534323318,590.4,590.595,0.998885,0.011975,0.0457163,0.858401,-0.0158462,0.996233,0.08528,-0.997822,-0.0445224,-0.0859084,0.99531,-0.175617,0,0,0,1
132665834535322908,590.4,590.595,0.998926,0.0064796,0.0459219,0.858085,-0.0103891,0.996293,0.0854175,-0.997862,-0.0451974,-0.0858021,0.995289,-0.175714,0,0,0,1
132665834535656105,590.4,590.595,0.998904,0.00300525,0.0467502,0.857774,-0.00702657,0.996265,0.086096,-0.99787,-0.0463163,-0.0863294,0.995192,-0.175814,0,0,0,1
132665834536322499,590.4,590.595,0.998811,-0.00443208,0.0485839,0.857331,0.000281306,0.996373,0.0851156,-0.997667,-0.0487844,-0.0849999,0.995189,-0.17567,0,0,0,1
132665834536988893,590.4,590.595,0.998662,-0.0104697,0.0506785,0.857032,0.00620681,0.996486,0.0835581,-0.997506,-0.0513747,-0.0831309,0.995216,-0.175568,0,0,0,1
132665834537322089,590.4,590.595,0.998617,-0.0129249,0.0510027,0.856837,0.00859313,0.996409,0.0842589,-0.997503,-0.0519078,-0.0837032,0.995141,-0.175726,0,0,0,1
132665834538321680,590.4,590.595,0.998529,-0.0148046,0.0522004,0.856591,0.0104807,0.996566,0.0821563,-0.997128,-0.0532369,-0.0814876,0.995255,-0.175342,0,0,0,1
132665834538654877,590.4,590.595,0.998524,-0.0146526,0.0523358,0.85662,0.0102474,0.99646,0.0834736,-0.997247,-0.053373,-0.0828134,0.995138,-0.175584,0,0,0,1
132665834539654467,590.4,590.595,0.9985,-0.0146565,0.0527976,0.85678,0.0101739,0.9964,0.0841938,-0.997288,-0.053841,-0.0835293,0.995052,-0.175751,0,0,0,1
132665834539987664,590.4,590.595,0.998468,-0.0147502,0.0533681,0.856799,0.0102349,0.996423,0.0839173,-0.997213,-0.0544144,-0.0832417,0.995046,-0.1757,0,0,0,1
132665834540320861,590.4,590.595,0.998349,-0.0154453,0.0553567,0.856708,0.0108957,0.99661,0.0815717,-0.996957,-0.0564284,-0.080833,0.995132,-0.175386,0,0,0,1
132665834540654058,590.4,590.595,0.998374,-0.0160192,0.0547507,0.856655,0.0115338,0.996627,0.0812836,-0.996933,-0.0558676,-0.080519,0.995189,-0.175411,0,0,0,1
132665834541320451,590.4,590.595,0.998192,-0.0174084,0.0575718,0.856423,0.012785,0.996737,0.079724,-0.996844,-0.0587711,-0.0788431,0.995156,-0.175331,0,0,0,1
132665834541653648,590.4,590.595,0.998026,-0.0186041,0.0600187,0.856267,0.0139784,0.996967,0.0765931,-0.996657,-0.0612611,-0.0756021,0.995257,-0.175031,0,0,0,1
132665834541986845,590.4,590.595,0.997814,-0.0196644,0.0631275,0.85612,0.0149846,0.997165,0.0737713,-0.99653,-0.0643988,-0.0726633,0.995278,-0.174771,0,0,0,1
132665834542320043,590.4,590.595,0.99771,-0.0206224,0.064447,0.855959,0.0159757,0.997293,0.0718062,-0.996415,-0.0657527,-0.0706114,0.995337,-0.174535,0,0,0,1
132665834542653239,590.4,590.595,0.997572,-0.0214733,0.066288,0.855855,0.0168337,0.997423,0.0697754,-0.996279,-0.0676148,-0.0684893,0.995361,-0.174311,0,0,0,1
132665834542986436,590.4,590.595,0.997527,-0.0218614,0.0668351,0.855801,0.0172386,0.997471,0.0689795,-0.996181,-0.0681734,-0.067656,0.99538,-0.174202,0,0,0,1
132665834543319633,590.4,590.595,0.997489,-0.0221696,0.0672918,0.855747,0.0175373,0.997488,0.0686668,-0.996132,-0.0686444,-0.0673135,0.99537,-0.174192,0,0,0,1
132665834543652830,590.4,590.595,0.997459,-0.0224878,0.0676296,0.855667,0.0178537,0.997503,0.0683623,-0.996145,-0.0689976,-0.0669804,0.995369,-0.174214,0,0,0,1
132665834544985617,590.4,590.595,0.997258,-0.0230417,0.0703527,0.855551,0.0183675,0.997627,0.0663816,-0.996119,-0.0717146,-0.0649066,0.995314,-0.174166,0,0,0,1
132665834545985208,590.4,590.595,0.997129,-0.0228541,0.0722147,0.855561,0.0181182,0.997686,0.0655689,-0.996037,-0.0735454,-0.0640715,0.995234,-0.174287,0,0,0,1
132665834546318405,590.4,590.595,0.997121,-0.0227738,0.0723557,0.855538,0.0179698,0.997636,0.0663683,-0.996159,-0.0736956,-0.0648762,0.995171,-0.174497,0,0,0,1
132665834546651601,590.4,590.595,0.99713,-0.0223738,0.0723637,0.855618,0.0175455,0.997622,0.0666871,-0.996206,-0.073683,-0.0652252,0.99515,-0.174544,0,0,0,1
132665834546984798,590.4,590.595,0.997125,-0.0223682,0.0724227,0.855593,0.0175126,0.997601,0.0670011,-0.99629,-0.073747,-0.0655394,0.995124,-0.174629,0,0,0,1
132665834547651192,590.4,590.595,0.997094,-0.0227439,0.0727363,0.855467,0.0177781,0.997515,0.0682075,-0.996393,-0.0741064,-0.0667154,0.995019,-0.174913,0,0,0,1
132665834547984389,590.4,590.595,0.997062,-0.0226814,0.0731946,0.855471,0.0177368,0.997563,0.0675152,-0.99631,-0.0745468,-0.0660178,0.995033,-0.174728,0,0,0,1
