373.383,197.926,760,428
132665897181232682,594.217,594.444,0.995993,-0.0203345,-0.0870962,-0.0149142,0.0340683,0.986655,0.159232,0.063863,0.0826958,-0.161561,0.983393,-0.143907,0,0,0,1
132665897182898667,594.217,594.444,0.99661,-0.0194994,-0.0799354,-0.0173122,0.0322407,0.986373,0.161351,0.0626686,0.0756995,-0.163381,0.983656,-0.142737,0,0,0,1
132665897183231864,594.217,594.444,0.996605,-0.0190309,-0.0801156,-0.0173744,0.0318507,0.986292,0.161921,0.0625687,0.0759355,-0.163923,0.983548,-0.142258,0,0,0,1
132665897183565061,594.217,594.444,0.996592,-0.0182586,-0.0804591,-0.0173747,0.0311683,0.98626,0.162247,0.0625319,0.0763909,-0.164202,0.983466,-0.141654,0,0,0,1
132665897183898258,594.217,594.444,0.996567,-0.0171592,-0.0810023,-0.0173606,0.0301517,0.98633,0.162013,0.0625751,0.0771145,-0.163899,0.98346,-0.140982,0,0,0,1
132665897184231455,594.217,594.444,0.996544,-0.016448,-0.0814212,-0.0173609,0.0294817,0.986424,0.161568,0.0626144,0.077658,-0.16341,0.983499,-0.140251,0,0,0,1
132665897184897848,594.217,594.444,0.996521,-0.0158324,-0.0818368,-0.01752,0.028853,0.986622,0.160466,0.0625789,0.0782012,-0.162268,0.983645,-0.13876,0,0,0,1
132665897185231045,594.217,594.444,0.996556,-0.0159374,-0.0813828,-0.0177233,0.028835,0.986721,0.159861,0.0624785,0.077754,-0.161657,0.983781,-0.138041,0,0,0,1
132665897185897439,594.217,594.444,0.996763,-0.0168801,-0.078613,-0.0184417,0.029296,0.986753,0.159575,0.0621169,0.0748776,-0.161361,0.984052,-0.136756,0,0,0,1
132665897186230636,594.217,594.444,0.996888,-0.0174378,-0.0768919,-0.0188398,0.0295878,0.986703,0.159831,0.0618694,0.0730822,-0.161608,0.984147,-0.136186,0,0,0,1
132665897186563833,594.217,594.444,0.996998,-0.0177649,-0.0753748,-0.0191705,0.0297165,0.986584,0.16054,0.0615859,0.0715111,-0.162298,0.984149,-0.135663,0,0,0,1
132665897187230226,594.217,594.444,0.997184,-0.0183352,-0.0727212,-0.0196241,0.0300023,0.986214,0.162749,0.0609531,0.0687343,-0.164472,0.983986,-0.134737,0,0,0,1
132665897187563424,594.217,594.444,0.997284,-0.0185181,-0.0713055,-0.01978,0.0300145,0.986055,0.163704,0.0606458,0.0672794,-0.165399,0.983931,-0.134302,0,0,0,1
132665897187896621,594.217,594.444,0.997391,-0.0185528,-0.0697753,-0.0198991,0.0298489,0.985924,0.164518,0.0603693,0.0657406,-0.166171,0.983905,-0.133881,0,0,0,1
132665897188229818,594.217,594.444,0.997498,-0.0184367,-0.0682668,-0.0199906,0.0295203,0.985837,0.1651,0.0600936,0.0642557,-0.166702,0.983913,-0.133465,0,0,0,1
132665897188563014,594.217,594.444,0.997586,-0.0181377,-0.0670355,-0.0200083,0.0290291,0.985825,0.165262,0.0598438,0.0630874,-0.166809,0.98397,-0.13306,0,0,0,1
132665897189229408,594.217,594.444,0.997701,-0.017104,-0.0655811,-0.0198504,0.0277651,0.985858,0.165279,0.0593672,0.0618264,-0.166719,0.984066,-0.132276,0,0,0,1
132665897189562605,594.217,594.444,0.997741,-0.0165296,-0.0651297,-0.0197467,0.027112,0.985903,0.165118,0.0591991,0.0614819,-0.16651,0.984123,-0.131924,0,0,0,1
132665897189895802,594.217,594.444,0.997775,-0.016266,-0.0646782,-0.0196555,0.0267511,0.985981,0.164716,0.059104,0.0610918,-0.166079,0.98422,-0.131657,0,0,0,1
132665897190228999,594.217,594.444,0.99781,-0.0159657,-0.0642034,-0.0196017,0.0263502,0.986059,0.16431,0.0591302,0.0606849,-0.165642,0.984319,-0.131507,0,0,0,1
132665897190562196,594.217,594.444,0.997847,-0.0155353,-0.0637334,-0.0196199,0.0258147,0.98616,0.163788,0.0594087,0.0603067,-0.165081,0.984436,-0.131529,0,0,0,1
132665897190895393,594.217,594.444,0.997891,-0.0159504,-0.0629351,-0.0197313,0.0260385,0.986302,0.162893,0.0599709,0.0594748,-0.164188,0.984636,-0.13177,0,0,0,1
132665897191228589,594.217,594.444,0.997943,-0.0169358,-0.0618416,-0.0199414,0.0267691,0.986458,0.161825,0.0608785,0.0582634,-0.163147,0.984882,-0.132341,0,0,0,1
132665897191561786,594.217,594.444,0.998012,-0.0181826,-0.0603715,-0.0202203,0.027702,0.9866,0.160802,0.0620706,0.0566384,-0.162155,0.98514,-0.133296,0,0,0,1
132665897191894983,594.217,594.444,0.998093,-0.0197122,-0.0585063,-0.0205477,0.0288941,0.986614,0.160507,0.0634785,0.0545589,-0.161891,0.985301,-0.134622,0,0,0,1
132665897192228180,594.217,594.444,0.99817,-0.0208757,-0.0567648,-0.0208701,0.029806,0.98645,0.161342,0.0650768,0.0526273,-0.162738,0.985266,-0.136343,0,0,0,1
132665897192894574,594.217,594.444,0.998285,-0.0224297,-0.0540943,-0.0213027,0.0311004,0.985772,0.165202,0.0687842,0.0496189,-0.1666,0.984777,-0.140532,0,0,0,1
132665897193227771,594.217,594.444,0.998321,-0.022329,-0.0534544,-0.0214496,0.0310149,0.985364,0.167632,0.0710902,0.0489289,-0.169008,0.984401,-0.142827,0,0,0,1
132665897193560968,594.217,594.444,0.998344,-0.0220162,-0.0531597,-0.0216386,0.0307947,0.98489,0.170432,0.0736685,0.0486039,-0.171786,0.983936,-0.14514,0,0,0,1
132665897193894164,594.217,594.444,0.99836,-0.0217841,-0.0529662,-0.0218969,0.0306529,0.984468,0.172881,0.0768278,0.0483773,-0.174221,0.983519,-0.147458,0,0,0,1
132665897194560559,594.217,594.444,0.998361,-0.0216685,-0.0529735,-0.0226697,0.0308,0.98352,0.178167,0.0860813,0.0482394,-0.179507,0.982575,-0.152017,0,0,0,1
132665897195226952,594.217,594.444,0.998202,-0.0213789,-0.0560072,-0.0234569,0.0313394,0.982521,0.183508,0.101149,0.051105,-0.184933,0.981423,-0.155954,0,0,0,1
132665897195560149,594.217,594.444,0.99804,-0.0218831,-0.0586436,-0.0238091,0.0323945,0.982248,0.184782,0.111217,0.0535587,-0.186319,0.98103,-0.157651,0,0,0,1
132665897195893346,594.217,594.444,0.997889,-0.0221522,-0.0610637,-0.0242496,0.0331936,0.98195,0.186218,0.122651,0.0558361,-0.187851,0.980611,-0.159106,0,0,0,1
132665897196226544,594.217,594.444,0.997797,-0.0222063,-0.062528,-0.024907,0.0336458,0.981533,0.188323,0.135135,0.0571911,-0.190011,0.980117,-0.160378,0,0,0,1
132665897196559740,594.217,594.444,0.99778,-0.0223269,-0.0627502,-0.0257877,0.0339701,0.980982,0.191114,0.148293,0.0572895,-0.192821,0.979562,-0.161445,0,0,0,1
132665897196892937,594.217,594.444,0.997846,-0.0221473,-0.0617603,-0.0268801,0.0338046,0.980294,0.194639,0.161741,0.0562323,-0.196307,0.97893,-0.162223,0,0,0,1
132665897197226134,594.217,594.444,0.997967,-0.0215007,-0.060016,-0.0281798,0.033038,0.979559,0.198438,0.175588,0.0545225,-0.200017,0.978276,-0.162845,0,0,0,1
132665897197892528,594.217,594.444,0.998287,-0.0200213,-0.0549783,-0.0312826,0.030998,0.977908,0.206734,0.204786,0.0496247,-0.208083,0.976853,-0.163835,0,0,0,1
132665897198225724,594.217,594.444,0.998472,-0.0191704,-0.0518385,-0.0331602,0.0297984,0.976648,0.212779,0.220278,0.0465488,-0.213998,0.975726,-0.164335,0,0,0,1
132665897198558921,594.217,594.444,0.998658,-0.0197669,-0.0478801,-0.0353307,0.0298364,0.975103,0.219748,0.236506,0.042344,-0.220881,0.974383,-0.164685,0,0,0,1
132665897198892118,594.217,594.444,0.998824,-0.0210147,-0.0437053,-0.0377061,0.0303575,0.973756,0.22557,0.253728,0.0378177,-0.226631,0.973248,-0.165028,0,0,0,1
132665897199225315,594.217,594.444,0.998971,-0.0225572,-0.0393787,-0.0402393,0.031022,0.972756,0.229756,0.272006,0.0331229,-0.230741,0.972453,-0.165301,0,0,0,1
132665897199891709,594.217,594.444,0.999194,-0.0265763,-0.0301068,-0.0457241,0.033012,0.970475,0.238941,0.310894,0.0228674,-0.239742,0.970569,-0.165527,0,0,0,1
132665897200224906,594.217,594.444,0.999265,-0.0285991,-0.0255346,-0.0486292,0.0339829,0.969049,0.244527,0.331364,0.0177508,-0.245214,0.969308,-0.165493,0,0,0,1
132665897200558102,594.217,594.444,0.999307,-0.0308875,-0.0207928,-0.0517193,0.0351147,0.967509,0.250396,0.352434,0.0123829,-0.250953,0.967922,-0.165354,0,0,0,1
132665897200891300,594.217,594.444,0.99932,-0.0333892,-0.0156537,-0.0550865,0.0362925,0.96574,0.256972,0.374021,0.00653723,-0.257365,0.966294,-0.164992,0,0,0,1
132665897201224496,594.217,594.444,0.999293,-0.0362558,-0.0100119,-0.0587938,0.0376127,0.963985,0.263291,0.395838,0.000105292,-0.263481,0.964666,-0.164441,0,0,0,1
132665897201557693,594.217,594.444,0.999218,-0.0394295,-0.00331667,-0.0629123,0.0388647,0.962236,0.269436,0.417702,-0.00743255,-0.269353,0.963015,-0.163723,0,0,0,1
132665897201890890,594.217,594.444,0.999081,-0.0425893,0.0048787,-0.0675231,0.0395974,0.960464,0.275581,0.439773,-0.016423,-0.275135,0.961267,-0.162796,0,0,0,1
132665897202224087,594.217,594.444,0.998832,-0.0459476,0.0149782,-0.0726933,0.0398893,0.958813,0.281232,0.461652,-0.0272837,-0.280306,0.959525,-0.161572,0,0,0,1
132665897202557284,594.217,594.444,0.998414,-0.0493453,0.027124,-0.0784343,0.0395619,0.957506,0.285696,0.482871,-0.040069,-0.28417,0.957938,-0.15993,0,0,0,1
132665897202890481,593.596,593.843,0.997711,-0.0531586,0.0418271,-0.0847042,0.0387616,0.956087,0.290517,0.502809,-0.0554339,-0.28823,0.955957,-0.157816,0,0,0,1
132665897203223677,593.131,593.392,0.996571,-0.057701,0.0593216,-0.0913771,0.0376511,0.954482,0.29589,0.521246,-0.0736946,-0.292641,0.95338,-0.155345,0,0,0,1
132665897203556874,592.648,592.913,0.994886,-0.062583,0.0792874,-0.0983347,0.0360889,0.953363,0.299669,0.538318,-0.094344,-0.295274,0.950745,-0.152648,0,0,0,1
132665897203890071,592.129,592.378,0.992602,-0.0671789,0.101145,-0.105496,0.0338537,0.953089,0.300799,0.553688,-0.116607,-0.295149,0.94831,-0.149676,0,0,0,1
132665897204889662,591.438,591.665,0.980638,-0.0832389,0.177267,-0.127879,0.0280483,0.95554,0.293527,0.590464,-0.193819,-0.282872,0.939373,-0.139692,0,0,0,1
132665897205556056,591.438,591.665,0.96789,-0.0987269,0.231181,-0.142387,0.0312845,0.959808,0.278911,0.608008,-0.249425,-0.262723,0.932077,-0.131837,0,0,0,1
132665897205889252,591.438,591.665,0.960088,-0.106496,0.258634,-0.149249,0.0351965,0.963329,0.266009,0.615156,-0.277479,-0.24629,0.928628,-0.127865,0,0,0,1
132665897206222449,591.438,591.665,0.951166,-0.113663,0.286996,-0.155866,0.0397242,0.967081,0.251352,0.621174,-0.306118,-0.227677,0.924369,-0.124131,0,0,0,1
132665897206555646,591.438,591.665,0.940632,-0.120602,0.317283,-0.162472,0.0445675,0.97054,0.236785,0.626141,-0.336493,-0.208587,0.918296,-0.120775,0,0,0,1
132665897206888843,591.438,591.665,0.927961,-0.127898,0.350047,-0.169133,0.0491559,0.973067,0.225223,0.629892,-0.369425,-0.191792,0.909255,-0.117773,0,0,0,1
132665897207222040,591.438,591.665,0.912693,-0.135284,0.385605,-0.175954,0.0526257,0.974666,0.217387,0.632554,-0.405245,-0.178115,0.896691,-0.11498,0,0,0,1
132665897208221631,591.438,591.665,0.842783,-0.161474,0.513465,-0.198603,0.0562878,0.975151,0.214276,0.635471,-0.535305,-0.151686,0.83093,-0.107284,0,0,0,1
132665897208554827,591.438,591.665,0.80839,-0.171762,0.563031,-0.207052,0.0555569,0.974476,0.217512,0.635704,-0.586021,-0.144555,0.7973,-0.103836,0,0,0,1
132665897208888024,591.438,591.665,0.76742,-0.183222,0.614409,-0.215578,0.0551362,0.973608,0.22147,0.635645,-0.638772,-0.136085,0.757268,-0.0998189,0,0,0,1
132665897209221221,591.438,591.665,0.72036,-0.195232,0.665559,-0.224022,0.0554637,0.972711,0.2253,0.635441,-0.691382,-0.125383,0.71153,-0.0950607,0,0,0,1
132665897209887615,591.438,591.665,0.609344,-0.220669,0.761583,-0.2402,0.0580498,0.970332,0.234709,0.636028,-0.790779,-0.0988088,0.604074,-0.0837088,0,0,0,1
132665897210554009,591.438,591.665,0.478121,-0.244457,0.843591,-0.254648,0.0606617,0.967384,0.245949,0.636341,-0.876198,-0.0664197,0.477354,-0.069085,0,0,0,1
132665897211553599,591.438,591.665,0.241424,-0.277079,0.930025,-0.271998,0.0705927,0.960848,0.267937,0.634107,-0.96785,0.000966378,0.251531,-0.0381014,0,0,0,1
132665897211886796,591.438,591.665,0.156863,-0.285154,0.945561,-0.27573,0.0729369,0.958143,0.276849,0.632942,-0.984924,0.0255386,0.171095,-0.0263288,0,0,0,1
132665897212219993,591.438,591.665,0.0713836,-0.28915,0.954622,-0.278269,0.0730339,0.956008,0.284109,0.631888,-0.994773,0.0494388,0.0893609,-0.0141042,0,0,0,1
132665897212553190,591.438,591.665,-0.0130361,-0.288271,0.957463,-0.279768,0.0708409,0.95487,0.288456,0.631109,-0.997403,0.0715874,0.00797367,-0.00190055,0,0,0,1
132665897213219584,590.227,590.417,-0.172627,-0.273198,0.946345,-0.280246,0.0608455,0.955974,0.287077,0.630682,-0.983107,0.107138,-0.148404,0.0214565,0,0,0,1
132665897213885978,589.536,589.703,-0.315277,-0.252517,0.91479,-0.27938,0.0482165,0.958443,0.281185,0.631269,-0.947776,0.132759,-0.289998,0.0435232,0,0,0,1
132665897214219175,589.536,589.703,-0.37978,-0.243374,0.892491,-0.278914,0.0429757,0.959092,0.279823,0.631229,-0.924081,0.144626,-0.353783,0.0540555,0,0,0,1
132665897214552372,589.536,589.703,-0.439318,-0.236692,0.86659,-0.278714,0.0376861,0.958963,0.281026,0.630584,-0.897543,0.156118,-0.412368,0.0642962,0,0,0,1
132665897214885569,589.536,589.703,-0.493229,-0.23288,0.83815,-0.278877,0.0315889,0.958073,0.284789,0.629199,-0.869328,0.166942,-0.46519,0.0742693,0,0,0,1
132665897215218765,589.536,589.703,-0.541829,-0.23135,0.808024,-0.279545,0.0248647,0.956541,0.290546,0.627519,-0.840124,0.177517,-0.512527,0.0842015,0,0,0,1
132665897215551962,589.536,589.703,-0.584939,-0.231393,0.777372,-0.280906,0.0169639,0.954744,0.296953,0.625792,-0.810903,0.186886,-0.554539,0.0941588,0,0,0,1
132665897216218356,589.536,589.703,-0.656682,-0.233695,0.717049,-0.284896,0.000529972,0.950639,0.310309,0.623271,-0.754171,0.204154,-0.624141,0.114844,0,0,0,1
132665897216551552,589.536,589.703,-0.686351,-0.234055,0.688581,-0.287145,-0.00656657,0.948758,0.315945,0.622884,-0.727244,0.212327,-0.652716,0.125758,0,0,0,1
132665897216884750,589.536,589.703,-0.713868,-0.231349,0.660964,-0.289211,-0.0123887,0.947881,0.318394,0.623176,-0.700174,0.219102,-0.679525,0.137416,0,0,0,1
132665897217217947,589.536,589.703,-0.73845,-0.227059,0.634933,-0.290936,-0.0177912,0.947838,0.318266,0.623536,-0.674077,0.223726,-0.703968,0.149888,0,0,0,1
132665897217551144,589.536,589.703,-0.759807,-0.222126,0.61103,-0.292694,-0.0214452,0.94788,0.317913,0.623573,-0.649799,0.228448,-0.724967,0.163115,0,0,0,1
132665897218217537,589.536,589.703,-0.791455,-0.212163,0.573227,-0.296877,-0.0228659,0.947449,0.319098,0.622014,-0.610803,0.239444,-0.754712,0.191783,0,0,0,1
132665897218550734,589.536,589.703,-0.802404,-0.209506,0.5588,-0.299566,-0.0226728,0.946382,0.322261,0.620028,-0.596353,0.245914,-0.764129,0.207686,0,0,0,1
132665897219550325,589.536,589.703,-0.828494,-0.204841,0.521191,-0.307477,-0.0186485,0.940276,0.339908,0.609789,-0.559691,0.271892,-0.782831,0.261559,0,0,0,1
132665897219883522,589.536,589.703,-0.836436,-0.202885,0.50913,-0.309911,-0.0179451,0.938601,0.344544,0.605671,-0.547773,0.279053,-0.788719,0.281881,0,0,0,1
132665897220216719,589.536,589.703,-0.844357,-0.200901,0.496691,-0.312213,-0.0165307,0.936368,0.350639,0.601998,-0.535529,0.287853,-0.793948,0.303327,0,0,0,1
132665897220549915,589.536,589.703,-0.851914,-0.199928,0.484019,-0.314388,-0.0155489,0.933508,0.358225,0.598984,-0.523455,0.29765,-0.798375,0.325511,0,0,0,1
132665897221882703,589.536,589.703,-0.88207,-0.180401,0.435212,-0.322532,-5.76992e-05,0.923826,0.38282,0.59314,-0.471121,0.337649,-0.814888,0.413314,0,0,0,1
132665897222215900,589.536,589.703,-0.887835,-0.178787,0.424013,-0.324898,0.000274111,0.921234,0.389015,0.592888,-0.460165,0.345497,-0.817853,0.433549,0,0,0,1
132665897222882294,589.536,589.703,-0.898449,-0.17856,0.401135,-0.330707,0.00132867,0.912468,0.409149,0.591917,-0.43908,0.368133,-0.819568,0.470424,0,0,0,1
132665897223215490,589.536,589.703,-0.902632,-0.181825,0.390126,-0.333845,0.00102446,0.905483,0.424386,0.59068,-0.430416,0.383464,-0.81713,0.487312,0,0,0,1
132665897223548687,589.536,589.703,-0.906423,-0.186005,0.379214,-0.33716,0.000474852,0.897365,0.441293,0.588557,-0.422376,0.400178,-0.813303,0.503004,0,0,0,1
132665897224215081,589.536,589.703,-0.914728,-0.189873,0.356686,-0.344387,0.00181073,0.880789,0.473509,0.582869,-0.404072,0.433777,-0.805337,0.530992,0,0,0,1
132665897224548278,589.536,589.703,-0.918796,-0.189658,0.346188,-0.348569,0.00341359,0.873163,0.48742,0.579717,-0.394721,0.449021,-0.801611,0.543512,0,0,0,1
132665897224881475,589.536,589.703,-0.923289,-0.188044,0.334934,-0.352979,0.0057456,0.865114,0.501546,0.576352,-0.384068,0.464996,-0.797669,0.555057,0,0,0,1
132665897225214672,589.536,589.703,-0.928197,-0.185287,0.32268,-0.357542,0.0079805,0.85709,0.515108,0.573086,-0.372009,0.480697,-0.794069,0.56556,0,0,0,1
132665897225547869,589.536,589.703,-0.933433,-0.18129,0.309582,-0.362327,0.00991393,0.849566,0.527394,0.570005,-0.358621,0.495355,-0.791214,0.574991,0,0,0,1
132665897226214262,589.536,589.703,-0.945221,-0.166428,0.280822,-0.37241,0.014905,0.837371,0.546435,0.563878,-0.326095,0.520687,-0.78902,0.590858,0,0,0,1
132665897227213853,589.536,589.703,-0.96528,-0.128217,0.22759,-0.390798,0.0224196,0.827375,0.561205,0.555249,-0.260258,0.546823,-0.795774,0.605856,0,0,0,1
132665897227880247,589.536,589.703,-0.975843,-0.104807,0.191699,-0.407917,0.0233925,0.822262,0.568631,0.549122,-0.217223,0.559379,-0.799947,0.609015,0,0,0,1
132665897228213443,589.536,589.703,-0.980004,-0.0957171,0.174452,-0.418351,0.0219327,0.819406,0.572797,0.545722,-0.197773,0.565168,-0.800922,0.608776,0,0,0,1
132665897228546640,589.536,589.703,-0.983909,-0.0870499,0.156041,-0.429735,0.0193538,0.816243,0.577387,0.542214,-0.177629,0.571116,-0.801424,0.60759,0,0,0,1
132665897229213034,589.536,589.703,-0.990747,-0.073594,0.114049,-0.454447,0.00760367,0.808838,0.587986,0.536333,-0.135519,0.583412,-0.800793,0.603531,0,0,0,1
132665897229546231,589.536,589.703,-0.993456,-0.0686815,0.0912732,-0.467224,-0.00119574,0.805257,0.592928,0.534326,-0.114221,0.588938,-0.800069,0.600956,0,0,0,1
132665897229879428,589.536,589.703,-0.995611,-0.0637317,0.0685653,-0.479984,-0.0102339,0.802167,0.597015,0.533053,-0.0930495,0.593692,-0.799298,0.598308,0,0,0,1
132665897230545822,589.536,589.703,-0.998075,-0.0563958,0.0258675,-0.504336,-0.0294588,0.797655,0.602397,0.53193,-0.0546061,0.600475,-0.79778,0.593469,0,0,0,1
132665897231545412,589.536,589.703,-0.998367,-0.0516435,-0.0244678,-0.535361,-0.0558324,0.790186,0.610322,0.531738,-0.0121853,0.610691,-0.791779,0.587651,0,0,0,1
132665897231878609,589.536,589.703,-0.997956,-0.0519746,-0.0372032,-0.543927,-0.0638671,0.787725,0.61271,0.532065,-0.00253969,0.613833,-0.789434,0.586281,0,0,0,1
132665897232211806,589.536,589.703,-0.997485,-0.0515267,-0.048697,-0.551506,-0.070587,0.785986,0.614204,0.53263,0.00662702,0.616096,-0.787646,0.58508,0,0,0,1
132665897232545002,589.536,589.703,-0.997016,-0.0504249,-0.05848,-0.558203,-0.0757645,0.785058,0.614773,0.533321,0.0149101,0.617369,-0.786536,0.584076,0,0,0,1
132665897232878199,589.536,589.703,-0.996579,-0.0487287,-0.0667832,-0.564031,-0.0795805,0.784267,0.615301,0.533895,0.022393,0.61851,-0.785462,0.583091,0,0,0,1
132665897233211396,589.536,589.703,-0.996206,-0.0460886,-0.0738419,-0.569048,-0.0819105,0.783405,0.616094,0.534328,0.0294529,0.619804,-0.784207,0.582074,0,0,0,1
132665897233877790,589.536,589.703,-0.995698,-0.0375489,-0.084728,-0.576946,-0.0820424,0.782342,0.617426,0.534767,0.0431026,0.62172,-0.782056,0.580366,0,0,0,1
132665897234210987,589.536,589.703,-0.995489,-0.0329402,-0.0889926,-0.579942,-0.0810833,0.782474,0.617384,0.534884,0.0492975,0.621814,-0.781615,0.579836,0,0,0,1
132665897234544184,589.536,589.703,-0.995274,-0.0285905,-0.0928169,-0.58241,-0.0799928,0.783297,0.616482,0.535004,0.0550774,0.620993,-0.781882,0.579764,0,0,0,1
132665897235210577,589.536,589.703,-0.994904,-0.0233736,-0.0980947,-0.58583,-0.079018,0.785063,0.614358,0.53542,0.0626509,0.618978,-0.782909,0.581609,0,0,0,1
132665897235543774,589.536,589.703,-0.994819,-0.0213284,-0.0994205,-0.587443,-0.0781793,0.785638,0.613729,0.535568,0.0650188,0.618321,-0.783234,0.583711,0,0,0,1
132665897235876971,589.536,589.703,-0.994883,-0.0192613,-0.0991831,-0.588114,-0.0764065,0.785739,0.613823,0.537363,0.0661089,0.61826,-0.783189,0.587428,0,0,0,1
132665897236210168,589.536,589.703,-0.995092,-0.0186872,-0.0971782,-0.589149,-0.0746392,0.786515,0.613046,0.537864,0.0649759,0.61729,-0.784048,0.590992,0,0,0,1
132665897236543365,589.536,589.703,-0.995489,-0.0182174,-0.0931185,-0.590182,-0.0716368,0.787839,0.611702,0.538404,0.0622188,0.615613,-0.785589,0.595246,0,0,0,1
132665897236876562,589.536,589.703,-0.996056,-0.0181147,-0.0868636,-0.591318,-0.0675058,0.790046,0.60932,0.539071,0.0575884,0.61278,-0.788152,0.600321,0,0,0,1
132665897237209759,589.536,589.703,-0.996796,-0.0186281,-0.0777897,-0.592511,-0.0621074,0.793103,0.605914,0.539753,0.0504084,0.608804,-0.791718,0.606296,0,0,0,1
132665897237542956,589.536,589.703,-0.997657,-0.0181821,-0.0659568,-0.593714,-0.0543105,0.796761,0.60185,0.540244,0.0416088,0.604022,-0.795881,0.613007,0,0,0,1
132665897238542546,589.536,589.703,-0.999731,-0.0137649,-0.0186998,-0.597351,-0.0221308,0.808625,0.58791,0.540858,0.00702864,0.588165,-0.808711,0.635929,0,0,0,1
132665897239542137,589.536,589.703,-0.999244,-0.0129905,0.0366456,-0.599808,0.00977382,0.828327,0.560161,0.545175,-0.0376311,0.560096,-0.827573,0.661852,0,0,0,1
132665897242874106,589.536,589.703,-0.985263,-0.0392069,0.166497,-0.606859,0.0240911,0.931867,0.362001,0.593435,-0.169345,0.360678,-0.917188,0.71995,0,0,0,1
132665897243540499,589.536,589.703,-0.984638,-0.0384304,0.170325,-0.60833,0.0188095,0.946456,0.322287,0.604668,-0.173591,0.32054,-0.931193,0.720727,0,0,0,1
132665897243873696,589.536,589.703,-0.984694,-0.0379735,0.170105,-0.609406,0.0162758,0.951678,0.306668,0.609703,-0.17353,0.304743,-0.936493,0.720148,0,0,0,1
132665897244206893,589.536,589.703,-0.98479,-0.0374492,0.169665,-0.610982,0.0139704,0.956268,0.292161,0.614439,-0.173186,0.290088,-0.941199,0.71926,0,0,0,1
132665897244540090,589.536,589.703,-0.984948,-0.0358345,0.169097,-0.613163,0.0125519,0.960864,0.276737,0.618989,-0.172396,0.274695,-0.945951,0.718403,0,0,0,1
132665897245206484,589.536,589.703,-0.985626,-0.027595,0.166675,-0.619657,0.0134805,0.970579,0.240409,0.628361,-0.168405,0.239201,-0.956255,0.71752,0,0,0,1
132665897246539271,589.536,589.703,-0.987338,-0.00924583,0.158362,-0.642723,0.0192036,0.983992,0.177181,0.642329,-0.157465,0.177979,-0.971354,0.718436,0,0,0,1
132665897246872468,589.536,589.703,-0.987797,-0.00696182,0.155593,-0.650651,0.0194181,0.985702,0.167384,0.644257,-0.154534,0.168364,-0.973537,0.719375,0,0,0,1
132665897247538862,589.536,589.703,-0.989063,-0.00570536,0.147386,-0.668471,0.0176867,0.987455,0.156917,0.645758,-0.146432,0.157808,-0.976553,0.722091,0,0,0,1
132665897248205256,589.536,589.703,-0.99105,1.7412e-05,0.133501,-0.688662,0.0205235,0.988133,0.15223,0.645086,-0.131914,0.153608,-0.979289,0.72626,0,0,0,1
132665897248538452,589.536,589.703,-0.991933,0.00516386,0.126668,-0.700393,0.0247306,0.987857,0.153395,0.644042,-0.124337,0.15529,-0.980015,0.728591,0,0,0,1
132665897249538043,589.536,589.703,-0.993132,0.0188056,0.115488,-0.743895,0.0375571,0.986009,0.162414,0.639087,-0.110818,0.165636,-0.979943,0.73344,0,0,0,1
132665897250204437,589.536,589.703,-0.992816,0.0212558,0.117762,-0.777481,0.0400552,0.986361,0.15966,0.63693,-0.112762,0.163229,-0.980125,0.734226,0,0,0,1
132665897251204027,589.536,589.703,-0.992471,0.028673,0.119098,-0.82627,0.0467148,0.987342,0.151583,0.639601,-0.113244,0.156005,-0.981245,0.733008,0,0,0,1
132665897251870421,589.536,589.703,-0.992065,0.0326346,0.121428,-0.855554,0.0503902,0.987978,0.146163,0.643491,-0.115198,0.151121,-0.981782,0.731819,0,0,0,1
132665897252536814,589.536,589.703,-0.992226,0.0348824,0.119471,-0.880522,0.0524461,0.987719,0.147189,0.646557,-0.112869,0.15231,-0.981868,0.730518,0,0,0,1
132665897252870011,589.536,589.703,-0.992525,0.0357919,0.116688,-0.891468,0.0528479,0.987795,0.146527,0.647788,-0.110019,0.151599,-0.982302,0.729508,0,0,0,1
132665897253536405,589.536,589.703,-0.993583,0.0363259,0.107129,-0.909733,0.0515311,0.988414,0.142778,0.649605,-0.100701,0.147382,-0.983942,0.728693,0,0,0,1
132665897253869602,589.536,589.703,-0.994247,0.0358878,0.10094,-0.917209,0.0498355,0.989004,0.139251,0.650333,-0.0948322,0.14348,-0.985101,0.729118,0,0,0,1
132665897254202799,589.536,589.703,-0.994985,0.0349221,0.0937415,-0.923563,0.0477089,0.989306,0.137841,0.650699,-0.087925,0.141622,-0.98601,0.728836,0,0,0,1
132665897254535996,589.536,589.703,-0.995544,0.0348858,0.0876223,-0.928886,0.0450831,0.992081,0.11724,0.65309,-0.0828381,0.120668,-0.989232,0.729517,0,0,0,1
132665897254869193,589.536,589.703,-0.995825,0.0323232,0.0853924,-0.933329,0.0418464,0.992806,0.112202,0.653018,-0.0811512,0.115307,-0.990011,0.730652,0,0,0,1
132665897255868783,589.536,589.703,-0.996352,0.030861,0.0795839,-0.939898,0.0407744,0.991178,0.12612,0.650363,-0.0749892,0.128905,-0.98882,0.735326,0,0,0,1
132665897256201980,589.536,589.703,-0.996473,0.0317303,0.0777034,-0.939862,0.0421301,0.989803,0.136093,0.649286,-0.0725932,0.138886,-0.987647,0.736801,0,0,0,1
132665897256868374,589.536,589.703,-0.996749,0.0314579,0.0742087,-0.936604,0.0430016,0.986264,0.159495,0.646987,-0.0681728,0.162168,-0.984408,0.7398,0,0,0,1
132665897257867964,589.536,589.703,-0.996841,0.0251816,0.0753533,-0.922801,0.0383677,0.983098,0.17903,0.644469,-0.0695721,0.181356,-0.980956,0.738951,0,0,0,1
132665897258534358,589.536,589.703,-0.996655,0.0160197,0.0801633,-0.909754,0.0305918,0.98245,0.184013,0.644665,-0.0758092,0.185849,-0.979652,0.73759,0,0,0,1
132665897258867555,589.536,589.703,-0.996497,0.0117178,0.0828247,-0.902521,0.027174,0.981788,0.188042,0.644922,-0.0791135,0.189633,-0.978665,0.736931,0,0,0,1
132665897260866736,589.536,589.703,-0.996394,-0.00891529,0.0843976,-0.857974,0.00770882,0.98085,0.194622,0.642115,-0.0845169,0.194571,-0.977243,0.734634,0,0,0,1
132665897261199933,589.536,589.703,-0.995917,-0.0137823,0.0892343,-0.852098,0.00386733,0.980866,0.194658,0.641294,-0.09021,0.194208,-0.976806,0.734554,0,0,0,1
132665897261533130,589.536,589.703,-0.995094,-0.0178985,0.0973252,-0.846886,0.00155358,0.980562,0.196214,0.640585,-0.0989461,0.195402,-0.975722,0.734427,0,0,0,1
132665897261866326,589.536,589.703,-0.994607,-0.0176361,0.102226,-0.841643,0.00313794,0.979879,0.199581,0.639949,-0.103689,0.198825,-0.974537,0.734117,0,0,0,1
132665897262532720,589.536,589.703,-0.994171,-0.00543121,0.10769,-0.831461,0.0161787,0.979913,0.198778,0.640204,-0.106607,0.199362,-0.974112,0.732925,0,0,0,1
132665897262865917,589.536,589.703,-0.994641,0.00205954,0.103388,-0.82669,0.0225084,0.980144,0.197016,0.640994,-0.10093,0.198286,-0.974936,0.732205,0,0,0,1
132665897263199114,589.536,589.703,-0.994984,0.00522522,0.0999098,-0.822298,0.024552,0.980852,0.19321,0.642202,-0.0969864,0.194694,-0.97606,0.731512,0,0,0,1
132665897263532311,589.536,589.703,-0.99544,0.0069923,0.095152,-0.818181,0.0249001,0.981788,0.188347,0.643563,-0.0921016,0.189857,-0.977484,0.731067,0,0,0,1
132665897263865508,589.536,589.703,-0.995836,0.00949416,0.0906803,-0.814449,0.0263035,0.982195,0.186025,0.644704,-0.087299,0.187635,-0.978354,0.730757,0,0,0,1
132665897264198705,589.536,589.703,-0.995979,0.0103226,0.0890046,-0.811683,0.0267673,0.982261,0.18561,0.64561,-0.0855089,0.187246,-0.978586,0.730544,0,0,0,1
132665897264531901,589.536,589.703,-0.995898,0.0102389,0.0899135,-0.809647,0.0268959,0.982172,0.186058,0.646204,-0.0864046,0.187713,-0.978418,0.730467,0,0,0,1
132665897264865098,589.536,589.703,-0.995809,0.0136525,0.0904447,-0.808198,0.0305901,0.981573,0.188635,0.64608,-0.0862015,0.19061,-0.977876,0.730618,0,0,0,1
132665897265198295,589.536,589.703,-0.99585,0.0177908,0.0892647,-0.80704,0.0347805,0.980669,0.192566,0.645348,-0.0841126,0.194871,-0.977218,0.731003,0,0,0,1
132665897265531492,589.536,589.703,-0.996155,0.0198134,0.0853584,-0.806223,0.0364189,0.979601,0.197631,0.644223,-0.0797007,0.199979,-0.976555,0.731575,0,0,0,1
132665897265864689,589.536,589.703,-0.996679,0.0200262,0.0789488,-0.80586,0.035794,0.978381,0.203699,0.643077,-0.0731619,0.205848,-0.975847,0.732212,0,0,0,1
132665897266864280,589.536,589.703,-0.998107,0.0115508,0.0604209,-0.808588,0.0245103,0.975555,0.218392,0.640835,-0.0564205,0.219459,-0.973991,0.733678,0,0,0,1
132665897267197476,589.536,589.703,-0.998124,0.00668319,0.060878,-0.811014,0.0200174,0.975034,0.221156,0.64056,-0.0578791,0.22196,-0.973339,0.733778,0,0,0,1
132665897267530673,589.536,589.703,-0.997719,0.00254683,0.0674792,-0.814187,0.0175746,0.974647,0.223065,0.640376,-0.0651996,0.223742,-0.972468,0.733714,0,0,0,1
132665897267863870,589.536,589.703,-0.99712,-0.000401467,0.075863,-0.817424,0.0166738,0.974376,0.224311,0.64018,-0.0740085,0.224929,-0.971562,0.733593,0,0,0,1
132665897268530264,589.536,589.703,-0.997136,-0.00556978,0.0754417,-0.821708,0.01171,0.973901,0.226676,0.63969,-0.0747348,0.22691,-0.971046,0.73363,0,0,0,1
132665897268863461,589.536,589.703,-0.997693,-0.00751767,0.0674949,-0.823083,0.00809782,0.973597,0.22814,0.639319,-0.0674274,0.228159,-0.971288,0.733888,0,0,0,1
132665897269196658,589.536,589.703,-0.998126,-0.00837951,0.0606449,-0.824511,0.0057647,0.973325,0.229365,0.639152,-0.0609482,0.229284,-0.971452,0.734183,0,0,0,1
132665897269529855,589.536,589.703,-0.998242,-0.00937562,0.0585429,-0.826444,0.00419137,0.97379,0.22742,0.639482,-0.05914,0.227265,-0.972037,0.734505,0,0,0,1
132665897269863051,589.536,589.703,-0.998111,-0.010794,0.0605074,-0.828878,0.00300465,0.974714,0.223444,0.640336,-0.0613884,0.223203,-0.972839,0.734802,0,0,0,1
132665897270196248,589.536,589.703,-0.998147,-0.0106517,0.0599379,-0.83064,0.00288908,0.975178,0.221412,0.641239,-0.0608077,0.221175,-0.973339,0.735046,0,0,0,1
132665897270529445,589.536,589.703,-0.998394,-0.00609855,0.0563323,-0.831665,0.00629567,0.976097,0.217253,0.642267,-0.05631,0.217258,-0.974491,0.735233,0,0,0,1
132665897270862642,589.536,589.703,-0.998537,-0.000809938,0.0540833,-0.832492,0.0106621,0.977324,0.211489,0.643424,-0.0530275,0.211756,-0.975885,0.735495,0,0,0,1
132665897271195839,589.536,589.703,-0.998487,0.00351704,0.0549003,-0.833696,0.014676,0.978819,0.20421,0.644598,-0.0530184,0.204707,-0.977389,0.735696,0,0,0,1
132665897271862233,589.536,589.703,-0.997928,0.00861458,0.0637899,-0.837018,0.0206767,0.981387,0.190932,0.646544,-0.0609567,0.191855,-0.979531,0.736413,0,0,0,1
132665897272195429,589.536,589.703,-0.99764,0.0100555,0.0679397,-0.838573,0.0224545,0.982617,0.184293,0.647459,-0.0649047,0.185383,-0.980523,0.736941,0,0,0,1
132665897272528626,589.536,589.703,-0.997426,0.0103078,0.0709739,-0.839945,0.02284,0.983748,0.178106,0.648303,-0.0679836,0.179268,-0.98145,0.73744,0,0,0,1
132665897272861823,589.536,589.703,-0.997273,0.00917735,0.0732347,-0.841086,0.0217486,0.984725,0.172761,0.649064,-0.0705296,0.173883,-0.98224,0.737885,0,0,0,1
132665897273195020,589.536,589.703,-0.997218,0.00755486,0.0741729,-0.841864,0.0199738,0.98556,0.168154,0.649735,-0.0718307,0.169167,-0.982969,0.738266,0,0,0,1
132665897273528217,589.536,589.703,-0.99729,0.00605775,0.0733344,-0.842123,0.0180414,0.986318,0.163875,0.650537,-0.0713375,0.164753,-0.983754,0.738513,0,0,0,1
132665897274194610,589.536,589.703,-0.997829,0.00793795,0.0654082,-0.841346,0.0179494,0.987921,0.15393,0.652379,-0.0633955,0.15477,-0.985917,0.739,0,0,0,1
132665897274527807,589.536,589.703,-0.998073,0.00896459,0.0614188,-0.840748,0.0182385,0.988192,0.152145,0.652881,-0.0593289,0.152972,-0.98645,0.739332,0,0,0,1
132665897275860595,589.536,589.703,-0.997964,0.0129049,0.0624815,-0.839124,0.0220264,0.988806,0.147581,0.653513,-0.0598767,0.148656,-0.987077,0.741265,0,0,0,1
132665897276193792,589.536,589.703,-0.99778,0.011879,0.0655455,-0.839147,0.0213839,0.989014,0.146281,0.653538,-0.0630878,0.147358,-0.987071,0.741819,0,0,0,1
132665897276526988,589.536,589.703,-0.997631,0.0104957,0.0680015,-0.839134,0.0202645,0.989284,0.144605,0.653903,-0.0657556,0.14564,-0.987152,0.742308,0,0,0,1
132665897276860185,589.536,589.703,-0.997428,0.00971339,0.0710454,-0.83912,0.0197384,0.989701,0.141802,0.654268,-0.0689365,0.142839,-0.987345,0.742512,0,0,0,1
132665897277193382,589.536,589.703,-0.997176,0.00869199,0.0746125,-0.839251,0.0190033,0.990165,0.138625,0.654817,-0.072674,0.139652,-0.987533,0.742803,0,0,0,1
132665897277526579,589.536,589.703,-0.996843,0.00798502,0.0790154,-0.839425,0.0187237,0.990518,0.136118,0.655279,-0.0771798,0.137167,-0.98754,0.74328,0,0,0,1
132665897277859776,589.536,589.703,-0.99645,0.00780054,0.0838519,-0.839476,0.0191588,0.990592,0.135522,0.655457,-0.0820061,0.136647,-0.987223,0.744033,0,0,0,1
132665897278192973,589.536,589.703,-0.996075,0.00849047,0.0881244,-0.839398,0.0205122,0.99044,0.136426,0.65541,-0.0861239,0.137698,-0.986726,0.744997,0,0,0,1
132665897278526170,589.536,589.703,-0.995807,0.00963399,0.0909905,-0.839211,0.0222903,0.990026,0.139124,0.655001,-0.0887429,0.140568,-0.986089,0.746107,0,0,0,1
132665897278859367,589.536,589.703,-0.995659,0.0100363,0.0925506,-0.839002,0.0232962,0.989403,0.143329,0.654419,-0.0901315,0.144862,-0.985341,0.747291,0,0,0,1
132665897279192563,589.536,589.703,-0.995509,0.010382,0.0941081,-0.839016,0.0241804,0.988888,0.146697,0.654033,-0.0915397,0.148313,-0.984698,0.748451,0,0,0,1
132665897279525760,589.536,589.703,-0.995093,0.0102037,0.098437,-0.839524,0.0248117,0.988627,0.148342,0.653994,-0.095804,0.150056,-0.984028,0.749485,0,0,0,1
132665897279858957,589.536,589.703,-0.994195,0.010569,0.107089,-0.840573,0.0266336,0.988373,0.149716,0.653982,-0.104262,0.151699,-0.982915,0.750194,0,0,0,1
132665897280192154,589.536,589.703,-0.993136,0.00997316,0.116553,-0.841841,0.0276872,0.988092,0.151372,0.653936,-0.113656,0.15356,-0.981584,0.750534,0,0,0,1
132665897280525351,589.536,589.703,-0.992435,0.0074532,0.122561,-0.842821,0.0262117,0.988009,0.152168,0.653999,-0.119958,0.154229,-0.980729,0.750797,0,0,0,1
132665897280858548,589.536,589.703,-0.99215,0.00443273,0.124983,-0.843436,0.0236298,0.988017,0.152539,0.654095,-0.122809,0.154295,-0.980365,0.751047,0,0,0,1
132665897281191745,589.536,589.703,-0.992244,0.00207154,0.124296,-0.843741,0.0213396,0.98786,0.15389,0.654013,-0.122469,0.155348,-0.980241,0.751335,0,0,0,1
132665897281524942,589.536,589.703,-0.992372,-0.000135131,0.123293,-0.844027,0.0192294,0.987594,0.155858,0.653778,-0.121785,0.15704,-0.980057,0.751686,0,0,0,1
132665897281858138,589.536,589.703,-0.992166,-0.000770971,0.124938,-0.844539,0.0191,0.987294,0.157772,0.653474,-0.123473,0.158922,-0.979542,0.752042,0,0,0,1
132665897282524532,589.536,589.703,-0.991396,-0.00181226,0.130893,-0.84546,0.0196126,0.986564,0.162209,0.653028,-0.129428,0.16338,-0.978039,0.752755,0,0,0,1
132665897282857729,589.536,589.703,-0.991305,-0.00264253,0.131571,-0.845562,0.0189202,0.986551,0.162367,0.65317,-0.130231,0.163445,-0.977922,0.753063,0,0,0,1
132665897283190926,589.536,589.703,-0.991505,-0.00425212,0.130014,-0.845507,0.0170132,0.986644,0.162014,0.653426,-0.128967,0.16285,-0.978189,0.753374,0,0,0,1
132665897283524123,589.536,589.703,-0.991749,-0.00518191,0.128105,-0.845416,0.0157933,0.986638,0.162177,0.653597,-0.127234,0.162862,-0.978413,0.753645,0,0,0,1
132665897283857320,589.536,589.703,-0.991928,-0.00616769,0.126673,-0.845346,0.0147086,0.986484,0.16321,0.653602,-0.125968,0.163756,-0.978428,0.753842,0,0,0,1
132665897284190517,589.536,589.703,-0.992025,-0.00653919,0.125882,-0.845244,0.0144376,0.98619,0.165007,0.653476,-0.125223,0.165509,-0.978229,0.753895,0,0,0,1
132665897284523713,589.536,589.703,-0.992009,-0.00606669,0.126038,-0.845198,0.0151322,0.985918,0.166557,0.653388,-0.125274,0.167133,-0.977946,0.753796,0,0,0,1
132665897284856910,589.536,589.703,-0.991874,-0.0061941,0.127088,-0.845198,0.0153336,0.985719,0.167716,0.653307,-0.126313,0.168301,-0.977612,0.753516,0,0,0,1
132665897285523304,589.536,589.703,-0.99174,-0.00591709,0.128141,-0.844779,0.01608,0.985324,0.16995,0.652999,-0.127266,0.170606,-0.977089,0.752515,0,0,0,1
132665897285856500,589.536,589.703,-0.991884,-0.00546511,0.127037,-0.844223,0.0162964,0.985375,0.16963,0.653049,-0.126107,0.170323,-0.977288,0.75182,0,0,0,1
132665897286189697,589.536,589.703,-0.992116,-0.00438543,0.125263,-0.843443,0.0168667,0.985629,0.168096,0.653364,-0.1242,0.168883,-0.977782,0.750962,0,0,0,1
132665897286522894,589.536,589.703,-0.992329,-0.00252437,0.123611,-0.842619,0.0181783,0.985949,0.166068,0.653857,-0.122294,0.167041,-0.978339,0.750067,0,0,0,1
132665897286856091,589.709,589.882,-0.992466,-0.00144096,0.122526,-0.84195,0.0187589,0.986359,0.163549,0.654495,-0.121091,0.164615,-0.9789,0.749187,0,0,0,1
132665897287189287,590.227,590.417,-0.992633,-0.000889137,0.121176,-0.841349,0.018691,0.986885,0.160352,0.655294,-0.11973,0.161435,-0.979596,0.748321,0,0,0,1
132665897287522485,589.709,589.882,-0.992806,-0.00061553,0.119749,-0.84083,0.018348,0.987399,0.157194,0.656121,-0.118337,0.15826,-0.980284,0.747539,0,0,0,1
132665897288188879,589.536,589.703,-0.993055,-0.00251929,0.117639,-0.840183,0.0157572,0.987921,0.154171,0.657091,-0.116607,0.154954,-0.981019,0.746491,0,0,0,1
132665897288522075,589.536,589.703,-0.993192,-0.00394094,0.116443,-0.839909,0.0142709,0.98779,0.155155,0.657035,-0.115633,0.15576,-0.981007,0.746253,0,0,0,1
132665897288855272,589.536,589.703,-0.993274,-0.00512271,0.115691,-0.839717,0.0132181,0.987479,0.157211,0.656739,-0.115048,0.157683,-0.980768,0.74612,0,0,0,1
132665897289188469,589.536,589.703,-0.993262,-0.0060258,0.11575,-0.839613,0.0125726,0.987156,0.159277,0.656372,-0.115223,0.159659,-0.980428,0.745996,0,0,0,1
132665897289521666,589.536,589.703,-0.993212,-0.00627709,0.116162,-0.83959,0.0125549,0.986929,0.160679,0.656125,-0.115653,0.161047,-0.98015,0.7459,0,0,0,1
132665897290188060,589.536,589.703,-0.993098,-0.00740967,0.117065,-0.839693,0.0118565,0.986553,0.163027,0.655743,-0.116699,0.16329,-0.979655,0.745751,0,0,0,1
132665897290521257,589.536,589.703,-0.993034,-0.00834716,0.117551,-0.83976,0.0111508,0.98636,0.16424,0.655554,-0.117318,0.164407,-0.979394,0.745606,0,0,0,1
132665897290854453,589.536,589.703,-0.992932,-0.00927104,0.118337,-0.83986,0.0105234,0.986146,0.165558,0.655351,-0.118233,0.165633,-0.979077,0.745389,0,0,0,1
132665897291187650,589.536,589.703,-0.992826,-0.0103243,0.119136,-0.839941,0.00972911,0.985992,0.166525,0.655197,-0.119186,0.166489,-0.978817,0.745097,0,0,0,1
132665897291854044,589.536,589.703,-0.992749,-0.0118445,0.119638,-0.839854,0.00841012,0.985857,0.16739,0.655118,-0.119929,0.167182,-0.978607,0.744218,0,0,0,1
132665897292187240,589.536,589.703,-0.992746,-0.0122396,0.119616,-0.83971,0.00799663,0.985885,0.167249,0.655191,-0.119974,0.166992,-0.978634,0.743714,0,0,0,1
132665897292853634,589.536,589.703,-0.992716,-0.0121744,0.119879,-0.839409,0.00792736,0.98613,0.165795,0.655351,-0.120234,0.165537,-0.978849,0.742709,0,0,0,1
132665897293186831,589.536,589.703,-0.992693,-0.0119839,0.120087,-0.839289,0.00807397,0.986234,0.165163,0.655426,-0.120413,0.164925,-0.97893,0.74235,0,0,0,1
132665897293853224,589.536,589.703,-0.992709,-0.0110793,0.120043,-0.840649,0.00888136,0.986341,0.164479,0.655123,-0.120226,0.164346,-0.97905,0.740777,0,0,0,1
132665897294519619,589.536,589.703,-0.992729,-0.0101679,0.119948,-0.842109,0.00971107,0.986415,0.16399,0.654891,-0.119985,0.163962,-0.979144,0.739996,0,0,0,1
132665897295186012,589.536,589.703,-0.992826,-0.00820539,0.119294,-0.843892,0.0112738,0.986776,0.1617,0.65501,-0.119044,0.161885,-0.979604,0.739771,0,0,0,1
132665897295519209,589.536,589.703,-0.992852,-0.00803114,0.119091,-0.84501,0.0112149,0.987044,0.160061,0.655211,-0.118833,0.160252,-0.979899,0.74002,0,0,0,1
132665897295852406,589.536,589.703,-0.992926,-0.00703117,0.118545,-0.846213,0.0119538,0.987258,0.158682,0.655379,-0.118149,0.158976,-0.980189,0.740459,0,0,0,1
132665897296185602,589.536,589.703,-0.993012,-0.00573562,0.117888,-0.847556,0.0130252,0.987393,0.157757,0.655446,-0.117306,0.15819,-0.980417,0.74113,0,0,0,1
132665897297185193,589.536,589.703,-0.99316,-0.00452887,0.116686,-0.852506,0.0143775,0.986903,0.160678,0.654685,-0.115885,0.161256,-0.980087,0.744786,0,0,0,1
132665897297851587,589.536,589.703,-0.993354,-0.00443922,0.115027,-0.856251,0.0148893,0.985907,0.16663,0.653499,-0.114146,0.167235,-0.979288,0.748523,0,0,0,1
132665897298184784,589.536,589.703,-0.993469,-0.00403758,0.114041,-0.858146,0.0153465,0.985568,0.168586,0.653124,-0.113075,0.169235,-0.979069,0.750557,0,0,0,1
132665897298517981,589.536,589.703,-0.993596,-0.00316622,0.112957,-0.860046,0.0160709,0.985488,0.168986,0.653036,-0.111852,0.169719,-0.979126,0.752652,0,0,0,1
